year	month	day	hour	min	secound	N	S	Avg	20nhzfilt:	Nf	Sf	Avgf
1976	5	31	21	7	13	89	-126	108	filt:	111	-92	101
1976	6	10	21	7	13	99	-121	110	filt:	109	-92	101
1976	6	20	21	7	13	107	-114	111	filt:	108	-93	100
1976	6	30	21	7	13	117	-107	112	filt:	106	-93	100
1976	7	10	21	7	13	119	-99	109	filt:	105	-93	99
1976	7	20	21	7	13	128	-97	112	filt:	104	-94	99
1976	7	30	21	7	13	135	-94	114	filt:	103	-94	99
1976	8	9	21	7	13	139	-81	110	filt:	102	-95	98
1976	8	19	21	7	13	118	-80	99	filt:	100	-95	98
1976	8	29	21	7	13	117	-66	92	filt:	99	-95	97
1976	9	8	21	7	13	121	-62	91	filt:	98	-96	97
1976	9	18	21	7	13	132	-56	94	filt:	97	-96	97
1976	9	28	21	7	13	129	-62	96	filt:	97	-96	96
1976	10	8	21	7	13	122	-67	95	filt:	96	-97	96
1976	10	18	21	7	13	113	-69	91	filt:	95	-97	96
1976	10	28	21	7	13	103	-82	93	filt:	94	-97	96
1976	11	7	21	7	13	95	-88	91	filt:	93	-98	95
1976	11	17	21	7	13	88	-95	92	filt:	93	-98	95
1976	11	27	21	7	13	86	-107	97	filt:	92	-98	95
1976	12	7	21	7	13	89	-107	98	filt:	91	-98	95
1976	12	17	21	7	13	86	-110	98	filt:	91	-98	95
1976	12	27	21	7	13	75	-111	93	filt:	90	-99	94
1977	1	6	21	7	13	58	-112	85	filt:	90	-99	94
1977	1	16	21	7	13	52	-97	75	filt:	89	-99	94
1977	1	26	21	7	13	44	-81	62	filt:	89	-99	94
1977	2	5	21	7	13	52	-104	78	filt:	89	-100	94
1977	2	15	21	7	13	55	-112	83	filt:	88	-100	94
1977	2	25	21	7	13	58	-127	92	filt:	88	-100	94
1977	3	7	21	7	13	53	-139	96	filt:	88	-100	94
1977	3	17	21	7	13	62	-134	98	filt:	87	-101	94
1977	3	27	21	7	13	56	-135	95	filt:	87	-101	94
1977	4	6	21	7	13	61	-132	96	filt:	87	-101	94
1977	4	16	21	7	13	60	-136	98	filt:	87	-102	94
1977	4	26	21	7	13	69	-124	96	filt:	87	-102	94
1977	5	6	21	7	13	76	-115	96	filt:	86	-103	95
1977	5	16	21	7	13	84	-119	102	filt:	86	-103	95
1977	5	26	21	7	13	93	-123	108	filt:	86	-104	95
1977	6	5	21	7	13	98	-116	107	filt:	86	-104	95
1977	6	15	21	7	13	96	-109	102	filt:	86	-105	95
1977	6	25	21	7	13	104	-103	104	filt:	86	-106	96
1977	7	5	21	7	13	110	-91	100	filt:	86	-106	96
1977	7	15	21	7	13	113	-89	101	filt:	86	-107	96
1977	7	25	21	7	13	112	-84	98	filt:	86	-107	97
1977	8	4	21	7	13	113	-82	97	filt:	86	-108	97
1977	8	14	21	7	13	115	-66	91	filt:	86	-109	97
1977	8	24	21	7	13	107	-67	87	filt:	86	-109	98
1977	9	3	21	7	13	110	-67	88	filt:	86	-110	98
1977	9	13	21	7	13	109	-71	90	filt:	87	-110	98
1977	9	23	21	7	13	114	-76	95	filt:	87	-111	99
1977	10	3	21	7	13	113	-71	92	filt:	87	-111	99
1977	10	13	21	7	13	117	-68	93	filt:	87	-111	99
1977	10	23	21	7	13	115	-72	94	filt:	87	-112	99
1977	11	2	21	7	13	108	-82	95	filt:	88	-112	100
1977	11	12	21	7	13	106	-92	99	filt:	88	-112	100
1977	11	22	21	7	13	106	-95	100	filt:	88	-112	100
1977	12	2	21	7	13	104	-103	103	filt:	88	-112	100
1977	12	12	21	7	13	90	-109	99	filt:	89	-112	100
1977	12	22	21	7	13	80	-118	98	filt:	89	-111	100
1978	1	1	21	7	13	56	-129	93	filt:	89	-111	100
1978	1	11	21	7	13	49	-137	93	filt:	89	-111	100
1978	1	21	21	7	13	52	-144	98	filt:	89	-110	100
1978	1	31	21	7	13	52	-146	99	filt:	89	-110	100
1978	2	10	21	7	13	56	-152	104	filt:	89	-109	99
1978	2	20	21	7	13	48	-152	100	filt:	89	-108	99
1978	3	2	21	7	13	50	-158	104	filt:	89	-107	98
1978	3	12	21	7	13	49	-157	103	filt:	89	-107	98
1978	3	22	21	7	13	54	-157	105	filt:	89	-106	97
1978	4	1	21	7	13	55	-149	102	filt:	88	-105	97
1978	4	11	21	7	13	50	-151	101	filt:	88	-104	96
1978	4	21	21	7	13	58	-133	95	filt:	88	-102	95
1978	5	1	21	7	13	66	-125	96	filt:	87	-101	94
1978	5	11	21	7	13	70	-117	94	filt:	86	-100	93
1978	5	21	21	7	13	74	-116	95	filt:	86	-99	92
1978	5	31	21	7	13	86	-112	99	filt:	85	-98	91
1978	6	10	21	7	13	93	-100	96	filt:	84	-96	90
1978	6	20	21	7	13	99	-93	96	filt:	84	-95	89
1978	6	30	21	7	13	104	-70	87	filt:	83	-94	88
1978	7	10	21	7	13	115	-71	93	filt:	82	-92	87
1978	7	20	21	7	13	114	-58	86	filt:	81	-91	86
1978	7	30	21	7	13	109	-46	78	filt:	80	-89	85
1978	8	9	21	7	13	114	-42	78	filt:	79	-88	83
1978	8	19	21	7	13	118	-47	82	filt:	78	-86	82
1978	8	29	21	7	13	117	-42	80	filt:	77	-85	81
1978	9	8	21	7	13	113	-36	74	filt:	76	-84	80
1978	9	18	21	7	13	117	-34	76	filt:	75	-82	78
1978	9	28	21	7	13	113	-38	76	filt:	74	-81	77
1978	10	8	21	7	13	105	-32	69	filt:	73	-79	76
1978	10	18	21	7	13	107	-31	69	filt:	72	-78	75
1978	10	28	21	7	13	106	-44	75	filt:	70	-76	73
1978	11	7	21	7	13	107	-46	77	filt:	69	-75	72
1978	11	17	21	7	13	84	-49	67	filt:	68	-73	71
1978	11	27	21	7	13	72	-49	61	filt:	67	-72	69
1978	12	7	21	7	13	65	-64	64	filt:	66	-70	68
1978	12	17	21	7	13	52	-73	62	filt:	65	-69	67
1978	12	27	21	7	13	46	-74	60	filt:	64	-68	66
1979	1	6	21	7	13	42	-95	69	filt:	63	-66	64
1979	1	16	21	7	13	14	-102	58	filt:	62	-65	63
1979	1	26	21	7	13	13	-89	51	filt:	60	-63	62
1979	2	5	21	7	13	10	-88	49	filt:	59	-62	61
1979	2	15	21	7	13	9	-90	50	filt:	58	-61	59
1979	2	25	21	7	13	-9	-99	45	filt:	57	-59	58
1979	3	7	21	7	13	-6	-98	46	filt:	55	-58	57
1979	3	17	21	7	13	0	-106	53	filt:	54	-57	56
1979	3	27	21	7	13	-6	-103	48	filt:	53	-56	54
1979	4	6	21	7	13	-4	-91	44	filt:	52	-54	53
1979	4	16	21	7	13	-3	-83	40	filt:	50	-53	52
1979	4	26	21	7	13	-2	-78	38	filt:	49	-52	50
1979	5	6	21	7	13	-1	-67	33	filt:	47	-51	49
1979	5	16	21	7	13	27	-63	45	filt:	46	-50	48
1979	5	26	21	7	13	37	-64	50	filt:	44	-48	46
1979	6	5	21	7	13	43	-55	49	filt:	43	-47	45
1979	6	15	21	7	13	58	-51	54	filt:	41	-46	44
1979	6	25	21	7	13	77	-47	62	filt:	40	-45	42
1979	7	5	21	7	13	82	-37	59	filt:	38	-43	41
1979	7	15	21	7	13	91	-29	60	filt:	36	-42	39
1979	7	25	21	7	13	99	-15	57	filt:	34	-41	38
1979	8	4	21	7	13	95	-17	56	filt:	32	-40	36
1979	8	14	21	7	13	82	-20	51	filt:	30	-38	34
1979	8	24	21	7	13	70	-21	45	filt:	28	-37	32
1979	9	3	21	7	13	70	14	28	filt:	26	-36	31
1979	9	13	21	7	13	66	1	33	filt:	23	-34	29
1979	9	23	21	7	13	68	1	33	filt:	21	-33	27
1979	10	3	21	7	13	69	-11	40	filt:	19	-31	25
1979	10	13	21	7	13	62	11	26	filt:	16	-30	23
1979	10	23	21	7	13	49	6	21	filt:	13	-28	21
1979	11	2	21	7	13	43	-2	23	filt:	10	-27	19
1979	11	12	21	7	13	46	19	13	filt:	8	-25	17
1979	11	22	21	7	13	18	9	4	filt:	5	-24	14
1979	12	2	21	7	13	-6	3	-5	filt:	2	-22	12
1979	12	12	21	7	13	-16	-2	-7	filt:	-1	-21	10
1979	12	22	21	7	13	-32	-1	-16	filt:	-4	-19	8
1980	1	1	21	7	13	-34	-17	-8	filt:	-8	-18	5
1980	1	11	21	7	13	-50	-33	-8	filt:	-11	-16	3
1980	1	21	21	7	13	-48	-37	-6	filt:	-14	-15	1
1980	1	31	21	7	13	-49	-42	-3	filt:	-17	-13	-2
1980	2	10	21	7	13	-36	-50	7	filt:	-20	-12	-4
1980	2	20	21	7	13	-42	-49	3	filt:	-23	-10	-6
1980	3	1	21	7	13	-68	-43	-12	filt:	-26	-9	-9
1980	3	11	21	7	13	-94	-46	-24	filt:	-29	-7	-11
1980	3	21	21	7	13	-81	-48	-17	filt:	-32	-6	-13
1980	3	31	21	7	13	-66	-41	-12	filt:	-35	-4	-15
1980	4	10	21	7	13	-44	-32	-6	filt:	-37	-2	-18
1980	4	20	21	7	13	-48	-25	-11	filt:	-40	0	-20
1980	4	30	21	7	13	-52	-26	-13	filt:	-42	1	-22
1980	5	10	21	7	13	-61	-26	-18	filt:	-44	3	-24
1980	5	20	21	7	13	-65	-20	-23	filt:	-46	5	-26
1980	5	30	21	7	13	-48	-8	-20	filt:	-48	7	-28
1980	6	9	21	7	13	-41	1	-21	filt:	-50	9	-29
1980	6	19	21	7	13	-41	12	-26	filt:	-51	11	-31
1980	6	29	21	7	13	-47	15	-31	filt:	-52	13	-33
1980	7	9	21	7	13	-27	23	-25	filt:	-54	15	-35
1980	7	19	21	7	13	-30	33	-32	filt:	-54	18	-36
1980	7	29	21	7	13	-39	38	-39	filt:	-55	20	-38
1980	8	8	21	7	13	-28	42	-35	filt:	-56	22	-39
1980	8	18	21	7	13	-22	43	-32	filt:	-56	24	-40
1980	8	28	21	7	13	-24	43	-33	filt:	-56	27	-42
1980	9	7	21	7	13	-48	51	-49	filt:	-56	29	-43
1980	9	17	21	7	13	-41	57	-49	filt:	-56	31	-44
1980	9	27	21	7	13	-53	63	-58	filt:	-56	34	-45
1980	10	7	21	7	13	-57	61	-59	filt:	-56	36	-46
1980	10	17	21	7	13	-69	51	-60	filt:	-55	38	-47
1980	10	27	21	7	13	-58	52	-55	filt:	-54	41	-48
1980	11	6	21	7	13	-67	58	-63	filt:	-54	43	-48
1980	11	16	21	7	13	-71	61	-66	filt:	-53	45	-49
1980	11	26	21	7	13	-76	57	-66	filt:	-52	47	-50
1980	12	6	21	7	13	-80	56	-68	filt:	-51	49	-50
1980	12	16	21	7	13	-76	55	-66	filt:	-50	51	-51
1980	12	26	21	7	13	-71	51	-61	filt:	-50	53	-51
1981	1	5	21	7	13	-62	48	-55	filt:	-49	54	-51
1981	1	15	21	7	13	-54	37	-46	filt:	-48	56	-52
1981	1	25	21	7	13	-40	32	-36	filt:	-47	57	-52
1981	2	4	21	7	13	-38	31	-35	filt:	-46	59	-52
1981	2	14	21	7	13	-34	35	-34	filt:	-45	60	-53
1981	2	24	21	7	13	-30	35	-32	filt:	-45	61	-53
1981	3	6	21	7	13	-26	30	-28	filt:	-44	62	-53
1981	3	16	21	7	13	-16	26	-21	filt:	-43	63	-53
1981	3	26	21	7	13	-21	57	-39	filt:	-43	63	-53
1981	4	5	21	7	13	-27	58	-43	filt:	-42	64	-53
1981	4	15	21	7	13	-21	59	-40	filt:	-42	65	-53
1981	4	25	21	7	13	-18	62	-40	filt:	-42	65	-53
1981	5	5	21	7	13	-19	70	-44	filt:	-41	65	-53
1981	5	15	21	7	13	-32	79	-55	filt:	-41	65	-53
1981	5	25	21	7	13	-30	88	-59	filt:	-41	65	-53
1981	6	4	21	7	13	-31	88	-60	filt:	-41	65	-53
1981	6	14	21	7	13	-32	97	-65	filt:	-41	65	-53
1981	6	24	21	7	13	-46	97	-72	filt:	-41	65	-53
1981	7	4	21	7	13	-51	95	-73	filt:	-41	64	-53
1981	7	14	21	7	13	-54	81	-67	filt:	-42	64	-53
1981	7	24	21	7	13	-53	73	-63	filt:	-42	63	-53
1981	8	3	21	7	13	-56	67	-61	filt:	-42	62	-52
1981	8	13	21	7	13	-61	60	-60	filt:	-43	62	-52
1981	8	23	21	7	13	-60	55	-58	filt:	-44	61	-52
1981	9	2	21	7	13	-49	51	-50	filt:	-44	60	-52
1981	9	12	21	7	13	-50	40	-45	filt:	-45	59	-52
1981	9	22	21	7	13	-56	39	-47	filt:	-46	59	-52
1981	10	2	21	7	13	-56	35	-45	filt:	-47	58	-52
1981	10	12	21	7	13	-50	36	-43	filt:	-47	57	-52
1981	10	22	21	7	13	-52	45	-48	filt:	-49	56	-52
1981	11	1	21	7	13	-65	52	-58	filt:	-50	55	-52
1981	11	11	21	7	13	-60	64	-62	filt:	-51	54	-53
1981	11	21	21	7	13	-57	52	-55	filt:	-52	54	-53
1981	12	1	21	7	13	-57	48	-52	filt:	-53	53	-53
1981	12	11	21	7	13	-62	55	-58	filt:	-55	52	-53
1981	12	21	21	7	13	-50	55	-53	filt:	-56	51	-54
1981	12	31	21	7	13	-63	67	-65	filt:	-57	51	-54
1982	1	10	21	7	13	-59	71	-65	filt:	-59	50	-54
1982	1	20	21	7	13	-54	52	-53	filt:	-60	49	-55
1982	1	30	21	7	13	-43	39	-41	filt:	-62	49	-55
1982	2	9	21	7	13	-41	35	-38	filt:	-63	48	-56
1982	2	19	21	7	13	-43	38	-40	filt:	-64	48	-56
1982	3	1	21	7	13	-43	36	-40	filt:	-66	47	-56
1982	3	11	21	7	13	-44	33	-39	filt:	-67	47	-57
1982	3	21	21	7	13	-39	27	-33	filt:	-68	47	-58
1982	3	31	21	7	13	-53	43	-48	filt:	-70	46	-58
1982	4	10	21	7	13	-63	69	-66	filt:	-71	46	-59
1982	4	20	21	7	13	-65	67	-66	filt:	-72	46	-59
1982	4	30	21	7	13	-69	67	-68	filt:	-73	46	-60
1982	5	10	21	7	13	-75	63	-69	filt:	-74	46	-60
1982	5	20	21	7	13	-80	61	-71	filt:	-75	47	-61
1982	5	30	21	7	13	-76	51	-64	filt:	-76	47	-62
1982	6	9	21	7	13	-86	51	-69	filt:	-77	47	-62
1982	6	19	21	7	13	-90	44	-67	filt:	-78	48	-63
1982	6	29	21	7	13	-91	37	-64	filt:	-79	48	-63
1982	7	9	21	7	13	-89	27	-58	filt:	-79	49	-64
1982	7	19	21	7	13	-87	29	-58	filt:	-80	49	-65
1982	7	29	21	7	13	-96	37	-66	filt:	-80	50	-65
1982	8	8	21	7	13	-95	33	-64	filt:	-81	51	-66
1982	8	18	21	7	13	-102	30	-66	filt:	-82	52	-67
1982	8	28	21	7	13	-102	31	-67	filt:	-82	52	-67
1982	9	7	21	7	13	-104	23	-64	filt:	-83	53	-68
1982	9	17	21	7	13	-105	37	-71	filt:	-83	54	-69
1982	9	27	21	7	13	-109	53	-81	filt:	-83	55	-69
1982	10	7	21	7	13	-111	57	-84	filt:	-84	56	-70
1982	10	17	21	7	13	-107	56	-82	filt:	-84	57	-71
1982	10	27	21	7	13	-112	59	-86	filt:	-85	58	-72
1982	11	6	21	7	13	-112	68	-90	filt:	-85	59	-72
1982	11	16	21	7	13	-117	71	-94	filt:	-86	60	-73
1982	11	26	21	7	13	-99	78	-89	filt:	-87	61	-74
1982	12	6	21	7	13	-89	98	-94	filt:	-87	63	-75
1982	12	16	21	7	13	-88	100	-94	filt:	-88	64	-76
1982	12	26	21	7	13	-74	88	-81	filt:	-88	65	-77
1983	1	5	21	7	13	-70	92	-81	filt:	-89	66	-77
1983	1	15	21	7	13	-59	98	-78	filt:	-90	67	-78
1983	1	25	21	7	13	-50	88	-69	filt:	-90	68	-79
1983	2	4	21	7	13	-63	85	-74	filt:	-91	69	-80
1983	2	14	21	7	13	-66	85	-75	filt:	-92	70	-81
1983	2	24	21	7	13	-85	89	-87	filt:	-92	71	-82
1983	3	6	21	7	13	-54	70	-62	filt:	-93	72	-83
1983	3	16	21	7	13	-40	60	-50	filt:	-94	73	-84
1983	3	26	21	7	13	-38	52	-45	filt:	-94	75	-84
1983	4	5	21	7	13	-40	52	-46	filt:	-95	76	-85
1983	4	15	21	7	13	-41	50	-45	filt:	-96	77	-86
1983	4	25	21	7	13	-50	54	-52	filt:	-96	78	-87
1983	5	5	21	7	13	-57	50	-54	filt:	-97	79	-88
1983	5	15	21	7	13	-82	90	-86	filt:	-98	81	-89
1983	5	25	21	7	13	-87	104	-95	filt:	-98	82	-90
1983	6	4	21	7	13	-102	110	-106	filt:	-99	83	-91
1983	6	14	21	7	13	-117	93	-105	filt:	-100	85	-92
1983	6	24	21	7	13	-122	96	-109	filt:	-100	86	-93
1983	7	4	21	7	13	-129	100	-114	filt:	-101	88	-94
1983	7	14	21	7	13	-130	103	-117	filt:	-102	89	-95
1983	7	24	21	7	13	-144	94	-119	filt:	-102	90	-96
1983	8	3	21	7	13	-143	86	-115	filt:	-103	92	-97
1983	8	13	21	7	13	-162	79	-120	filt:	-103	93	-98
1983	8	23	21	7	13	-153	74	-114	filt:	-104	95	-99
1983	9	2	21	7	13	-156	66	-111	filt:	-104	96	-100
1983	9	12	21	7	13	-151	63	-107	filt:	-105	97	-101
1983	9	22	21	7	13	-149	59	-104	filt:	-105	99	-102
1983	10	2	21	7	13	-137	71	-104	filt:	-106	100	-103
1983	10	12	21	7	13	-137	75	-106	filt:	-106	101	-104
1983	10	22	21	7	13	-133	86	-109	filt:	-107	103	-105
1983	11	1	21	7	13	-134	82	-108	filt:	-107	104	-106
1983	11	11	21	7	13	-117	98	-107	filt:	-108	105	-106
1983	11	21	21	7	13	-115	111	-113	filt:	-108	106	-107
1983	12	1	21	7	13	-117	120	-118	filt:	-108	108	-108
1983	12	11	21	7	13	-108	128	-118	filt:	-109	109	-109
1983	12	21	21	7	13	-77	124	-100	filt:	-109	110	-109
1983	12	31	21	7	13	-88	124	-106	filt:	-109	111	-110
1984	1	10	21	7	13	-84	126	-105	filt:	-110	112	-111
1984	1	20	21	7	13	-80	134	-107	filt:	-110	113	-111
1984	1	30	21	7	13	-70	139	-105	filt:	-110	114	-112
1984	2	9	21	7	13	-70	144	-107	filt:	-110	115	-113
1984	2	19	21	7	13	-65	144	-105	filt:	-110	116	-113
1984	2	29	21	7	13	-63	145	-104	filt:	-110	117	-114
1984	3	10	21	7	13	-69	141	-105	filt:	-110	118	-114
1984	3	20	21	7	13	-70	146	-108	filt:	-111	119	-115
1984	3	30	21	7	13	-71	144	-107	filt:	-111	120	-115
1984	4	9	21	7	13	-71	143	-107	filt:	-111	122	-116
1984	4	19	21	7	13	-86	136	-111	filt:	-111	123	-117
1984	4	29	21	7	13	-87	135	-111	filt:	-110	124	-117
1984	5	9	21	7	13	-87	129	-108	filt:	-110	125	-118
1984	5	19	21	7	13	-96	123	-109	filt:	-110	126	-118
1984	5	29	21	7	13	-107	118	-112	filt:	-110	127	-119
1984	6	8	21	7	13	-117	119	-118	filt:	-110	128	-119
1984	6	18	21	7	13	-116	117	-117	filt:	-110	129	-120
1984	6	28	21	7	13	-126	115	-120	filt:	-110	130	-120
1984	7	8	21	7	13	-138	123	-130	filt:	-110	131	-121
1984	7	18	21	7	13	-141	124	-132	filt:	-110	133	-121
1984	7	28	21	7	13	-141	120	-131	filt:	-110	134	-122
1984	8	7	21	7	13	-146	109	-127	filt:	-110	135	-122
1984	8	17	21	7	13	-148	102	-125	filt:	-110	136	-123
1984	8	27	21	7	13	-156	95	-126	filt:	-110	137	-123
1984	9	6	21	7	13	-156	93	-125	filt:	-110	138	-124
1984	9	16	21	7	13	-160	99	-130	filt:	-110	139	-124
1984	9	26	21	7	13	-156	109	-132	filt:	-110	140	-125
1984	10	6	21	7	13	-157	109	-133	filt:	-110	140	-125
1984	10	16	21	7	13	-132	117	-125	filt:	-110	141	-126
1984	10	26	21	7	13	-128	118	-123	filt:	-110	142	-126
1984	11	5	21	7	13	-124	128	-126	filt:	-110	143	-127
1984	11	15	21	7	13	-126	123	-124	filt:	-111	144	-127
1984	11	25	21	7	13	-119	139	-129	filt:	-111	144	-127
1984	12	5	21	7	13	-103	142	-123	filt:	-111	145	-128
1984	12	15	21	7	13	-97	152	-125	filt:	-111	145	-128
1984	12	25	21	7	13	-95	156	-125	filt:	-111	146	-129
1985	1	4	21	7	13	-94	163	-129	filt:	-111	146	-129
1985	1	14	21	7	13	-93	174	-133	filt:	-112	147	-129
1985	1	24	21	7	13	-80	188	-134	filt:	-112	147	-130
1985	2	3	21	7	13	-67	192	-130	filt:	-112	148	-130
1985	2	13	21	7	13	-61	188	-124	filt:	-112	148	-130
1985	2	23	21	7	13	-64	184	-124	filt:	-112	148	-130
1985	3	5	21	7	13	-66	184	-125	filt:	-112	148	-130
1985	3	15	21	7	13	-74	182	-128	filt:	-112	148	-130
1985	3	25	21	7	13	-70	178	-124	filt:	-112	149	-130
1985	4	4	21	7	13	-72	176	-124	filt:	-112	149	-131
1985	4	14	21	7	13	-81	181	-131	filt:	-112	149	-131
1985	4	24	21	7	13	-92	174	-133	filt:	-112	149	-131
1985	5	4	21	7	13	-94	171	-132	filt:	-112	149	-131
1985	5	14	21	7	13	-99	164	-132	filt:	-112	149	-131
1985	5	24	21	7	13	-107	166	-137	filt:	-112	149	-131
1985	6	3	21	7	13	-115	159	-137	filt:	-112	149	-131
1985	6	13	21	7	13	-120	154	-137	filt:	-112	149	-131
1985	6	23	21	7	13	-124	147	-136	filt:	-112	149	-131
1985	7	3	21	7	13	-133	139	-136	filt:	-112	149	-131
1985	7	13	21	7	13	-136	129	-133	filt:	-112	149	-131
1985	7	23	21	7	13	-142	122	-132	filt:	-112	149	-130
1985	8	2	21	7	13	-150	117	-133	filt:	-112	149	-130
1985	8	12	21	7	13	-154	107	-131	filt:	-112	149	-130
1985	8	22	21	7	13	-154	99	-127	filt:	-112	148	-130
1985	9	1	21	7	13	-161	96	-128	filt:	-112	148	-130
1985	9	11	21	7	13	-161	92	-126	filt:	-112	148	-130
1985	9	21	21	7	13	-156	96	-126	filt:	-112	148	-130
1985	10	1	21	7	13	-146	99	-123	filt:	-112	148	-130
1985	10	11	21	7	13	-153	103	-128	filt:	-112	147	-130
1985	10	21	21	7	13	-152	106	-129	filt:	-113	147	-130
1985	10	31	21	7	13	-142	110	-126	filt:	-113	147	-130
1985	11	10	21	7	13	-129	122	-126	filt:	-113	147	-130
1985	11	20	21	7	13	-122	128	-125	filt:	-113	146	-130
1985	11	30	21	7	13	-96	142	-119	filt:	-113	146	-130
1985	12	10	21	7	13	-94	154	-124	filt:	-113	146	-130
1985	12	20	21	7	13	-95	153	-124	filt:	-113	146	-129
1985	12	30	21	7	13	-86	173	-129	filt:	-113	145	-129
1986	1	9	21	7	13	-73	176	-125	filt:	-113	145	-129
1986	1	19	21	7	13	-70	182	-126	filt:	-114	145	-129
1986	1	29	21	7	13	-76	169	-123	filt:	-114	145	-129
1986	2	8	21	7	13	-85	176	-131	filt:	-114	144	-129
1986	2	18	21	7	13	-80	186	-133	filt:	-114	144	-129
1986	2	28	21	7	13	-79	192	-135	filt:	-114	144	-129
1986	3	10	21	7	13	-74	185	-129	filt:	-114	144	-129
1986	3	20	21	7	13	-77	184	-131	filt:	-114	144	-129
1986	3	30	21	7	13	-82	182	-132	filt:	-114	143	-129
1986	4	9	21	7	13	-89	183	-136	filt:	-114	143	-129
1986	4	19	21	7	13	-93	173	-133	filt:	-114	143	-129
1986	4	29	21	7	13	-94	174	-134	filt:	-114	143	-128
1986	5	9	21	7	13	-101	170	-135	filt:	-114	143	-128
1986	5	19	21	7	13	-107	169	-138	filt:	-114	143	-128
1986	5	29	21	7	13	-115	166	-140	filt:	-114	143	-128
1986	6	8	21	7	13	-124	152	-138	filt:	-114	143	-128
1986	6	18	21	7	13	-128	141	-135	filt:	-114	143	-128
1986	6	28	21	7	13	-133	128	-131	filt:	-114	143	-128
1986	7	8	21	7	13	-128	130	-129	filt:	-114	143	-128
1986	7	18	21	7	13	-137	120	-129	filt:	-114	142	-128
1986	7	28	21	7	13	-146	95	-120	filt:	-114	142	-128
1986	8	7	21	7	13	-143	91	-117	filt:	-114	142	-128
1986	8	17	21	7	13	-132	82	-107	filt:	-114	142	-128
1986	8	27	21	7	13	-133	83	-108	filt:	-114	142	-128
1986	9	6	21	7	13	-137	91	-114	filt:	-114	141	-128
1986	9	16	21	7	13	-147	95	-121	filt:	-114	141	-128
1986	9	26	21	7	13	-160	98	-129	filt:	-115	141	-128
1986	10	6	21	7	13	-153	99	-126	filt:	-115	140	-128
1986	10	16	21	7	13	-146	101	-124	filt:	-115	140	-127
1986	10	26	21	7	13	-133	107	-120	filt:	-115	139	-127
1986	11	5	21	7	13	-139	112	-125	filt:	-116	139	-127
1986	11	15	21	7	13	-136	120	-128	filt:	-116	138	-127
1986	11	25	21	7	13	-127	134	-131	filt:	-116	138	-127
1986	12	5	21	7	13	-123	137	-130	filt:	-116	137	-127
1986	12	15	21	7	13	-109	138	-124	filt:	-117	136	-126
1986	12	25	21	7	13	-102	146	-124	filt:	-117	136	-126
1987	1	4	21	7	13	-93	150	-122	filt:	-117	135	-126
1987	1	14	21	7	13	-98	157	-127	filt:	-117	134	-126
1987	1	24	21	7	13	-83	159	-121	filt:	-117	133	-125
1987	2	3	21	7	13	-77	167	-122	filt:	-117	133	-125
1987	2	13	21	7	13	-79	171	-125	filt:	-117	132	-125
1987	2	23	21	7	13	-80	171	-126	filt:	-117	131	-124
1987	3	5	21	7	13	-76	184	-130	filt:	-117	130	-124
1987	3	15	21	7	13	-83	184	-134	filt:	-117	130	-123
1987	3	25	21	7	13	-79	184	-132	filt:	-117	129	-123
1987	4	4	21	7	13	-88	169	-129	filt:	-117	128	-123
1987	4	14	21	7	13	-89	161	-125	filt:	-117	127	-122
1987	4	24	21	7	13	-98	159	-129	filt:	-117	127	-122
1987	5	4	21	7	13	-97	158	-128	filt:	-116	126	-121
1987	5	14	21	7	13	-102	159	-130	filt:	-116	125	-120
1987	5	24	21	7	13	-114	138	-126	filt:	-116	124	-120
1987	6	3	21	7	13	-118	134	-126	filt:	-115	123	-119
1987	6	13	21	7	13	-121	124	-122	filt:	-115	123	-119
1987	6	23	21	7	13	-127	125	-126	filt:	-114	122	-118
1987	7	3	21	7	13	-134	106	-120	filt:	-114	121	-117
1987	7	13	21	7	13	-138	100	-119	filt:	-114	120	-117
1987	7	23	21	7	13	-135	92	-114	filt:	-113	119	-116
1987	8	2	21	7	13	-144	74	-110	filt:	-113	118	-116
1987	8	12	21	7	13	-140	74	-107	filt:	-113	117	-115
1987	8	22	21	7	13	-138	75	-106	filt:	-112	116	-114
1987	9	1	21	7	13	-139	60	-99	filt:	-112	115	-114
1987	9	11	21	7	13	-144	55	-100	filt:	-112	114	-113
1987	9	21	21	7	13	-144	55	-99	filt:	-111	113	-112
1987	10	1	21	7	13	-143	60	-102	filt:	-111	112	-111
1987	10	11	21	7	13	-139	61	-100	filt:	-111	111	-111
1987	10	21	21	7	13	-142	56	-99	filt:	-110	110	-110
1987	10	31	21	7	13	-134	74	-104	filt:	-110	109	-109
1987	11	10	21	7	13	-131	76	-104	filt:	-110	107	-109
1987	11	20	21	7	13	-125	92	-109	filt:	-109	106	-108
1987	11	30	21	7	13	-119	86	-103	filt:	-109	105	-107
1987	12	10	21	7	13	-104	102	-103	filt:	-109	104	-106
1987	12	20	21	7	13	-92	91	-92	filt:	-108	103	-105
1987	12	30	21	7	13	-80	113	-97	filt:	-108	102	-105
1988	1	9	21	7	13	-62	146	-104	filt:	-107	101	-104
1988	1	19	21	7	13	-63	156	-110	filt:	-107	99	-103
1988	1	29	21	7	13	-69	152	-111	filt:	-106	98	-102
1988	2	8	21	7	13	-70	147	-109	filt:	-105	97	-101
1988	2	18	21	7	13	-66	143	-104	filt:	-104	96	-100
1988	2	28	21	7	13	-62	149	-105	filt:	-103	95	-99
1988	3	9	21	7	13	-65	143	-104	filt:	-103	94	-98
1988	3	19	21	7	13	-63	144	-104	filt:	-101	93	-97
1988	3	29	21	7	13	-64	137	-100	filt:	-100	92	-96
1988	4	8	21	7	13	-61	135	-98	filt:	-99	91	-95
1988	4	18	21	7	13	-66	106	-86	filt:	-98	90	-94
1988	4	28	21	7	13	-73	109	-91	filt:	-97	90	-93
1988	5	8	21	7	13	-77	121	-99	filt:	-95	89	-92
1988	5	18	21	7	13	-87	111	-99	filt:	-94	88	-91
1988	5	28	21	7	13	-105	92	-98	filt:	-92	87	-89
1988	6	7	21	7	13	-111	81	-96	filt:	-90	86	-88
1988	6	17	21	7	13	-122	84	-103	filt:	-89	85	-87
1988	6	27	21	7	13	-109	76	-92	filt:	-87	85	-86
1988	7	7	21	7	13	-104	50	-77	filt:	-85	84	-84
1988	7	17	21	7	13	-100	44	-72	filt:	-83	83	-83
1988	7	27	21	7	13	-104	44	-74	filt:	-81	82	-82
1988	8	6	21	7	13	-119	39	-79	filt:	-79	81	-80
1988	8	16	21	7	13	-112	25	-68	filt:	-77	80	-79
1988	8	26	21	7	13	-116	16	-66	filt:	-75	79	-77
1988	9	5	21	7	13	-115	28	-72	filt:	-73	79	-76
1988	9	15	21	7	13	-119	34	-76	filt:	-71	78	-74
1988	9	25	21	7	13	-112	43	-78	filt:	-69	77	-73
1988	10	5	21	7	13	-108	38	-73	filt:	-67	76	-71
1988	10	15	21	7	13	-101	53	-77	filt:	-65	75	-70
1988	10	25	21	7	13	-102	58	-80	filt:	-63	74	-68
1988	11	4	21	7	13	-99	57	-78	filt:	-61	72	-67
1988	11	14	21	7	13	-92	54	-73	filt:	-59	71	-65
1988	11	24	21	7	13	-65	67	-66	filt:	-57	70	-64
1988	12	4	21	7	13	-63	62	-63	filt:	-55	69	-62
1988	12	14	21	7	13	-58	62	-60	filt:	-53	68	-61
1988	12	24	21	7	13	-16	68	-42	filt:	-51	66	-59
1989	1	3	21	7	13	3	72	-34	filt:	-50	65	-57
1989	1	13	21	7	13	26	78	-26	filt:	-48	64	-56
1989	1	23	21	7	13	6	94	-44	filt:	-46	62	-54
1989	2	2	21	7	13	12	105	-46	filt:	-44	61	-53
1989	2	12	21	7	13	-2	99	-50	filt:	-43	59	-51
1989	2	22	21	7	13	-22	91	-57	filt:	-41	58	-50
1989	3	4	21	7	13	-17	94	-56	filt:	-40	56	-48
1989	3	14	21	7	13	-2	100	-51	filt:	-38	55	-46
1989	3	24	21	7	13	19	88	-34	filt:	-37	53	-45
1989	4	3	21	7	13	31	97	-33	filt:	-35	51	-43
1989	4	13	21	7	13	33	99	-33	filt:	-34	49	-42
1989	4	23	21	7	13	35	98	-31	filt:	-33	48	-40
1989	5	3	21	7	13	7	80	-36	filt:	-32	46	-39
1989	5	13	21	7	13	-6	69	-37	filt:	-30	44	-37
1989	5	23	21	7	13	-34	72	-53	filt:	-29	42	-36
1989	6	2	21	7	13	-46	36	-41	filt:	-28	40	-34
1989	6	12	21	7	13	-39	23	-31	filt:	-27	38	-33
1989	6	22	21	7	13	-40	27	-33	filt:	-26	36	-31
1989	7	2	21	7	13	-42	29	-35	filt:	-25	34	-30
1989	7	12	21	7	13	-66	23	-44	filt:	-24	32	-28
1989	7	22	21	7	13	-71	20	-46	filt:	-23	30	-27
1989	8	1	21	7	13	-74	10	-42	filt:	-22	28	-25
1989	8	11	21	7	13	-66	3	-35	filt:	-21	26	-24
1989	8	21	21	7	13	-68	-12	-28	filt:	-20	24	-22
1989	8	31	21	7	13	-86	-14	-36	filt:	-19	22	-21
1989	9	10	21	7	13	-79	-18	-31	filt:	-18	20	-19
1989	9	20	21	7	13	-66	-24	-21	filt:	-17	18	-18
1989	9	30	21	7	13	-39	-14	-13	filt:	-16	17	-16
1989	10	10	21	7	13	-42	-6	-18	filt:	-15	15	-15
1989	10	20	21	7	13	-20	-3	-8	filt:	-13	13	-13
1989	10	30	21	7	13	-27	-5	-11	filt:	-12	12	-12
1989	11	9	21	7	13	-31	-18	-7	filt:	-11	10	-10
1989	11	19	21	7	13	-43	-15	-14	filt:	-9	9	-9
1989	11	29	21	7	13	-25	-10	-8	filt:	-8	7	-8
1989	12	9	21	7	13	-7	13	-10	filt:	-6	6	-6
1989	12	19	21	7	13	12	3	5	filt:	-5	5	-5
1989	12	29	21	7	13	32	4	14	filt:	-3	4	-4
1990	1	8	21	7	13	42	6	18	filt:	-1	4	-3
1990	1	18	21	7	13	5	5	0	filt:	0	3	-1
1990	1	28	21	7	13	41	25	8	filt:	2	3	0
1990	2	7	21	7	13	57	29	14	filt:	4	3	1
1990	2	17	21	7	13	71	34	19	filt:	6	2	2
1990	2	27	21	7	13	78	24	27	filt:	8	2	3
1990	3	9	21	7	13	14	20	-3	filt:	10	3	3
1990	3	19	21	7	13	-12	7	-10	filt:	11	3	4
1990	3	29	21	7	13	1	9	-4	filt:	13	3	5
1990	4	8	21	7	13	17	10	4	filt:	15	4	6
1990	4	18	21	7	13	22	15	3	filt:	17	5	6
1990	4	28	21	7	13	33	18	7	filt:	19	5	7
1990	5	8	21	7	13	36	23	7	filt:	20	6	7
1990	5	18	21	7	13	45	27	9	filt:	22	7	7
1990	5	28	21	7	13	20	22	-1	filt:	24	8	8
1990	6	7	21	7	13	21	24	-1	filt:	25	9	8
1990	6	17	21	7	13	38	16	11	filt:	26	10	8
1990	6	27	21	7	13	19	0	10	filt:	28	11	8
1990	7	7	21	7	13	11	-21	16	filt:	29	12	8
1990	7	17	21	7	13	4	-12	8	filt:	30	13	9
1990	7	27	21	7	13	19	-17	18	filt:	31	14	9
1990	8	6	21	7	13	14	3	5	filt:	32	15	9
1990	8	16	21	7	13	19	14	3	filt:	33	16	9
1990	8	26	21	7	13	24	23	0	filt:	34	17	9
1990	9	5	21	7	13	29	13	8	filt:	35	17	9
1990	9	15	21	7	13	22	0	11	filt:	36	18	9
1990	9	25	21	7	13	22	-7	14	filt:	37	18	9
1990	10	5	21	7	13	40	19	11	filt:	37	19	9
1990	10	15	21	7	13	40	11	14	filt:	38	19	9
1990	10	25	21	7	13	52	11	20	filt:	39	19	10
1990	11	4	21	7	13	48	-4	26	filt:	39	19	10
1990	11	14	21	7	13	57	-6	32	filt:	40	19	10
1990	11	24	21	7	13	46	-13	30	filt:	40	18	11
1990	12	4	21	7	13	47	4	21	filt:	41	18	12
1990	12	14	21	7	13	51	14	19	filt:	41	17	12
1990	12	24	21	7	13	46	22	12	filt:	42	16	13
1991	1	3	21	7	13	51	28	11	filt:	43	15	14
1991	1	13	21	7	13	48	43	3	filt:	43	14	15
1991	1	23	21	7	13	43	43	0	filt:	44	13	16
1991	2	2	21	7	13	43	24	10	filt:	45	11	17
1991	2	12	21	7	13	39	31	4	filt:	46	10	18
1991	2	22	21	7	13	47	39	4	filt:	47	8	19
1991	3	4	21	7	13	48	42	3	filt:	48	6	21
1991	3	14	21	7	13	52	32	10	filt:	49	4	22
1991	3	24	21	7	13	35	15	10	filt:	50	2	24
1991	4	3	21	7	13	33	8	13	filt:	51	-1	26
1991	4	13	21	7	13	32	8	12	filt:	52	-3	28
1991	4	23	21	7	13	35	12	12	filt:	53	-6	29
1991	5	3	21	7	13	31	13	9	filt:	54	-8	31
1991	5	13	21	7	13	45	6	20	filt:	56	-11	33
1991	5	23	21	7	13	50	2	24	filt:	57	-14	35
1991	6	2	21	7	13	52	-3	28	filt:	58	-17	37
1991	6	12	21	7	13	57	-10	33	filt:	60	-20	40
1991	6	22	21	7	13	63	-22	42	filt:	61	-23	42
1991	7	2	21	7	13	74	-24	49	filt:	62	-26	44
1991	7	12	21	7	13	73	-38	56	filt:	64	-29	46
1991	7	22	21	7	13	75	-44	60	filt:	65	-32	48
1991	8	1	21	7	13	70	-57	64	filt:	67	-35	51
1991	8	11	21	7	13	77	-57	67	filt:	68	-38	53
1991	8	21	21	7	13	72	-53	63	filt:	70	-41	55
1991	8	31	21	7	13	76	-70	73	filt:	71	-43	57
1991	9	10	21	7	13	72	-81	77	filt:	73	-46	60
1991	9	20	21	7	13	66	-82	74	filt:	74	-49	62
1991	9	30	21	7	13	69	-88	78	filt:	76	-52	64
1991	10	10	21	7	13	74	-85	79	filt:	77	-55	66
1991	10	20	21	7	13	82	-84	83	filt:	79	-57	68
1991	10	30	21	7	13	86	-84	85	filt:	80	-60	70
1991	11	9	21	7	13	82	-80	81	filt:	82	-63	72
1991	11	19	21	7	13	81	-80	80	filt:	83	-65	74
1991	11	29	21	7	13	96	-66	81	filt:	85	-67	76
1991	12	9	21	7	13	98	-70	84	filt:	86	-70	78
1991	12	19	21	7	13	112	-82	97	filt:	87	-72	80
1991	12	29	21	7	13	102	-69	86	filt:	89	-74	81
1992	1	8	21	7	13	100	-72	86	filt:	90	-76	83
1992	1	18	21	7	13	102	-67	84	filt:	91	-78	84
1992	1	28	21	7	13	82	-71	77	filt:	92	-80	86
1992	2	7	21	7	13	70	-63	67	filt:	93	-82	87
1992	2	17	21	7	13	66	-90	78	filt:	94	-84	89
1992	2	27	21	7	13	67	-87	77	filt:	95	-85	90
1992	3	8	21	7	13	78	-82	80	filt:	96	-87	91
1992	3	18	21	7	13	92	-75	84	filt:	96	-89	93
1992	3	28	21	7	13	92	-74	83	filt:	97	-91	94
1992	4	7	21	7	13	86	-77	82	filt:	97	-92	95
1992	4	17	21	7	13	83	-77	80	filt:	98	-94	96
1992	4	27	21	7	13	76	-83	80	filt:	98	-96	97
1992	5	7	21	7	13	85	-93	89	filt:	98	-97	98
1992	5	17	21	7	13	92	-91	91	filt:	98	-99	99
1992	5	27	21	7	13	101	-99	100	filt:	98	-101	99
1992	6	6	21	7	13	101	-94	97	filt:	98	-103	100
1992	6	16	21	7	13	99	-95	97	filt:	97	-104	101
1992	6	26	21	7	13	108	-87	98	filt:	97	-106	102
1992	7	6	21	7	13	108	-74	91	filt:	97	-108	102
1992	7	16	21	7	13	111	-94	103	filt:	96	-109	103
1992	7	26	21	7	13	109	-103	106	filt:	96	-111	103
1992	8	5	21	7	13	107	-115	111	filt:	95	-113	104
1992	8	15	21	7	13	98	-116	107	filt:	94	-114	104
1992	8	25	21	7	13	101	-107	104	filt:	93	-116	105
1992	9	4	21	7	13	116	-108	112	filt:	93	-117	105
1992	9	14	21	7	13	125	-112	118	filt:	92	-119	105
1992	9	24	21	7	13	126	-116	121	filt:	91	-120	105
1992	10	4	21	7	13	119	-123	121	filt:	90	-121	106
1992	10	14	21	7	13	114	-121	118	filt:	89	-123	106
1992	10	24	21	7	13	105	-121	113	filt:	88	-124	106
1992	11	3	21	7	13	102	-112	107	filt:	87	-125	106
1992	11	13	21	7	13	96	-115	105	filt:	86	-126	106
1992	11	23	21	7	13	94	-117	106	filt:	85	-127	106
1992	12	3	21	7	13	87	-127	107	filt:	85	-127	106
1992	12	13	21	7	13	71	-135	103	filt:	84	-128	106
1992	12	23	21	7	13	61	-147	104	filt:	83	-129	106
1993	1	2	21	7	13	51	-149	100	filt:	82	-129	106
1993	1	12	21	7	13	47	-144	95	filt:	81	-130	105
1993	1	22	21	7	13	56	-142	99	filt:	81	-130	105
1993	2	1	21	7	13	54	-145	99	filt:	80	-130	105
1993	2	11	21	7	13	61	-153	107	filt:	79	-130	105
1993	2	21	21	7	13	49	-167	108	filt:	79	-130	104
1993	3	3	21	7	13	44	-149	96	filt:	78	-130	104
1993	3	13	21	7	13	44	-155	100	filt:	78	-130	104
1993	3	23	21	7	13	49	-154	102	filt:	77	-129	103
1993	4	2	21	7	13	51	-153	102	filt:	77	-129	103
1993	4	12	21	7	13	48	-151	100	filt:	76	-129	103
1993	4	22	21	7	13	50	-145	98	filt:	76	-128	102
1993	5	2	21	7	13	63	-148	105	filt:	76	-128	102
1993	5	12	21	7	13	72	-143	108	filt:	75	-127	101
1993	5	22	21	7	13	75	-126	101	filt:	75	-127	101
1993	6	1	21	7	13	80	-122	101	filt:	75	-127	101
1993	6	11	21	7	13	84	-106	95	filt:	75	-126	100
1993	6	21	21	7	13	91	-117	104	filt:	75	-126	100
1993	7	1	21	7	13	92	-112	102	filt:	74	-125	100
1993	7	11	21	7	13	108	-110	109	filt:	74	-125	100
1993	7	21	21	7	13	100	-97	99	filt:	74	-124	99
1993	7	31	21	7	13	98	-99	98	filt:	74	-124	99
1993	8	10	21	7	13	99	-99	99	filt:	74	-124	99
1993	8	20	21	7	13	102	-93	97	filt:	74	-124	99
1993	8	30	21	7	13	102	-89	96	filt:	75	-123	99
1993	9	9	21	7	13	103	-81	92	filt:	75	-123	99
1993	9	19	21	7	13	107	-86	97	filt:	75	-123	99
1993	9	29	21	7	13	109	-83	96	filt:	75	-123	99
1993	10	9	21	7	13	101	-92	97	filt:	75	-123	99
1993	10	19	21	7	13	89	-90	90	filt:	76	-123	99
1993	10	29	21	7	13	86	-89	88	filt:	76	-123	99
1993	11	8	21	7	13	83	-90	87	filt:	76	-123	99
1993	11	18	21	7	13	75	-94	85	filt:	76	-123	100
1993	11	28	21	7	13	68	-96	82	filt:	77	-123	100
1993	12	8	21	7	13	66	-114	90	filt:	77	-123	100
1993	12	18	21	7	13	58	-117	88	filt:	77	-123	100
1993	12	28	21	7	13	60	-132	96	filt:	78	-123	100
1994	1	7	21	7	13	66	-165	116	filt:	78	-123	101
1994	1	17	21	7	13	66	-163	114	filt:	78	-123	101
1994	1	27	21	7	13	61	-160	110	filt:	79	-123	101
1994	2	6	21	7	13	55	-156	106	filt:	79	-124	101
1994	2	16	21	7	13	52	-160	106	filt:	79	-124	101
1994	2	26	21	7	13	54	-157	106	filt:	80	-124	102
1994	3	8	21	7	13	52	-157	104	filt:	80	-124	102
1994	3	18	21	7	13	52	-159	106	filt:	80	-124	102
1994	3	28	21	7	13	53	-161	107	filt:	80	-124	102
1994	4	7	21	7	13	63	-172	117	filt:	81	-124	103
1994	4	17	21	7	13	72	-171	121	filt:	81	-125	103
1994	4	27	21	7	13	75	-174	125	filt:	81	-125	103
1994	5	7	21	7	13	82	-154	118	filt:	81	-125	103
1994	5	17	21	7	13	81	-150	115	filt:	82	-125	103
1994	5	27	21	7	13	74	-135	104	filt:	82	-125	103
1994	6	6	21	7	13	80	-131	106	filt:	82	-125	103
1994	6	16	21	7	13	83	-121	102	filt:	82	-125	103
1994	6	26	21	7	13	100	-117	108	filt:	82	-125	104
1994	7	6	21	7	13	92	-90	91	filt:	83	-125	104
1994	7	16	21	7	13	99	-85	92	filt:	83	-124	104
1994	7	26	21	7	13	99	-86	92	filt:	83	-124	104
1994	8	5	21	7	13	107	-97	102	filt:	84	-124	104
1994	8	15	21	7	13	100	-84	92	filt:	84	-124	104
1994	8	25	21	7	13	117	-101	109	filt:	84	-124	104
1994	9	4	21	7	13	123	-86	104	filt:	84	-123	104
1994	9	14	21	7	13	122	-82	102	filt:	85	-123	104
1994	9	24	21	7	13	117	-78	98	filt:	85	-123	104
1994	10	4	21	7	13	106	-80	93	filt:	86	-122	104
1994	10	14	21	7	13	100	-87	93	filt:	86	-122	104
1994	10	24	21	7	13	99	-84	91	filt:	86	-122	104
1994	11	3	21	7	13	101	-91	96	filt:	87	-121	104
1994	11	13	21	7	13	98	-100	99	filt:	87	-121	104
1994	11	23	21	7	13	96	-108	102	filt:	88	-120	104
1994	12	3	21	7	13	91	-115	103	filt:	88	-120	104
1994	12	13	21	7	13	86	-124	105	filt:	88	-119	104
1994	12	23	21	7	13	68	-120	94	filt:	89	-119	104
1995	1	2	21	7	13	70	-132	101	filt:	89	-118	104
1995	1	12	21	7	13	69	-124	96	filt:	90	-118	104
1995	1	22	21	7	13	75	-164	119	filt:	90	-117	104
1995	2	1	21	7	13	54	-164	109	filt:	90	-117	103
1995	2	11	21	7	13	55	-157	106	filt:	91	-116	103
1995	2	21	21	7	13	49	-149	99	filt:	91	-115	103
1995	3	3	21	7	13	57	-138	97	filt:	91	-115	103
1995	3	13	21	7	13	60	-154	107	filt:	92	-114	103
1995	3	23	21	7	13	65	-172	119	filt:	92	-114	103
1995	4	2	21	7	13	73	-156	115	filt:	92	-113	103
1995	4	12	21	7	13	75	-134	105	filt:	92	-113	103
1995	4	22	21	7	13	80	-134	107	filt:	93	-112	102
1995	5	2	21	7	13	79	-138	109	filt:	93	-112	102
1995	5	12	21	7	13	89	-126	108	filt:	93	-111	102
1995	5	22	21	7	13	91	-121	106	filt:	93	-111	102
1995	6	1	21	7	13	97	-110	104	filt:	94	-110	102
1995	6	11	21	7	13	108	-114	111	filt:	94	-110	102
1995	6	21	21	7	13	118	-108	113	filt:	94	-109	101
1995	7	1	21	7	13	126	-101	114	filt:	94	-108	101
1995	7	11	21	7	13	126	-80	103	filt:	94	-108	101
1995	7	21	21	7	13	118	-70	94	filt:	95	-107	101
1995	7	31	21	7	13	114	-71	93	filt:	95	-106	101
1995	8	10	21	7	13	106	-75	91	filt:	95	-106	100
1995	8	20	21	7	13	108	-70	89	filt:	95	-105	100
1995	8	30	21	7	13	125	-71	98	filt:	96	-104	100
1995	9	9	21	7	13	122	-70	96	filt:	96	-104	100
1995	9	19	21	7	13	126	-72	99	filt:	96	-103	99
1995	9	29	21	7	13	113	-75	94	filt:	96	-102	99
1995	10	9	21	7	13	113	-75	94	filt:	97	-101	99
1995	10	19	21	7	13	112	-80	96	filt:	97	-100	99
1995	10	29	21	7	13	111	-75	93	filt:	97	-99	98
1995	11	8	21	7	13	111	-78	95	filt:	98	-98	98
1995	11	18	21	7	13	105	-87	96	filt:	98	-98	98
1995	11	28	21	7	13	98	-93	95	filt:	98	-97	97
1995	12	8	21	7	13	88	-96	92	filt:	99	-96	97
1995	12	18	21	7	13	49	-41	45	filt:	99	-95	97
1995	12	28	21	7	13	56	-139	98	filt:	99	-94	97
1996	1	7	21	7	13	95	-148	121	filt:	99	-93	96
1996	1	17	21	7	13	97	-125	111	filt:	100	-92	96
1996	1	27	21	7	13	108	-109	109	filt:	100	-92	96
1996	2	6	21	7	13	83	-95	89	filt:	100	-91	95
1996	2	16	21	7	13	63	-108	86	filt:	100	-90	95
1996	2	26	21	7	13	56	-120	88	filt:	100	-89	95
1996	3	7	21	7	13	72	-123	98	filt:	100	-89	95
1996	3	17	21	7	13	75	-133	104	filt:	101	-88	94
1996	3	27	21	7	13	73	-129	101	filt:	101	-88	94
1996	4	6	21	7	13	74	-130	102	filt:	101	-87	94
1996	4	16	21	7	13	108	-106	107	filt:	101	-87	94
1996	4	26	21	7	13	106	-103	105	filt:	101	-87	94
1996	5	6	21	7	13	105	-102	104	filt:	101	-86	94
1996	5	16	21	7	13	89	-99	94	filt:	101	-86	93
1996	5	26	21	7	13	95	-82	89	filt:	101	-86	93
1996	6	5	21	7	13	103	-80	91	filt:	101	-86	93
1996	6	15	21	7	13	112	-76	94	filt:	101	-86	93
1996	6	25	21	7	13	114	-81	98	filt:	101	-85	93
1996	7	5	21	7	13	111	-73	92	filt:	101	-85	93
1996	7	15	21	7	13	108	-67	88	filt:	100	-85	93
1996	7	25	21	7	13	119	-60	89	filt:	100	-85	93
1996	8	4	21	7	13	121	-60	90	filt:	100	-85	93
1996	8	14	21	7	13	123	-60	91	filt:	100	-85	93
1996	8	24	21	7	13	114	-57	86	filt:	100	-85	93
1996	9	3	21	7	13	124	-48	86	filt:	100	-85	93
1996	9	13	21	7	13	117	-51	84	filt:	100	-85	93
1996	9	23	21	7	13	119	-52	85	filt:	100	-85	93
1996	10	3	21	7	13	114	-64	89	filt:	100	-85	93
1996	10	13	21	7	13	135	-65	100	filt:	100	-85	93
1996	10	23	21	7	13	137	-68	103	filt:	100	-85	93
1996	11	2	21	7	13	134	-59	97	filt:	100	-85	93
1996	11	12	21	7	13	118	-62	90	filt:	100	-85	93
1996	11	22	21	7	13	114	-60	87	filt:	100	-85	93
1996	12	2	21	7	13	103	-77	90	filt:	100	-85	93
1996	12	12	21	7	13	84	-87	86	filt:	100	-85	92
1996	12	22	21	7	13	77	-92	85	filt:	100	-85	92
1997	1	1	21	7	13	74	-87	81	filt:	100	-84	92
1997	1	11	21	7	13	76	-84	80	filt:	100	-84	92
1997	1	21	21	7	13	63	-93	78	filt:	100	-84	92
1997	1	31	21	7	13	57	-103	80	filt:	100	-84	92
1997	2	10	21	7	13	61	-108	84	filt:	100	-84	92
1997	2	20	21	7	13	76	-114	95	filt:	100	-84	92
1997	3	2	21	7	13	78	-127	102	filt:	99	-83	91
1997	3	12	21	7	13	78	-136	107	filt:	99	-83	91
1997	3	22	21	7	13	73	-134	104	filt:	99	-83	91
1997	4	1	21	7	13	83	-122	102	filt:	99	-82	91
1997	4	11	21	7	13	83	-114	98	filt:	99	-82	90
1997	4	21	21	7	13	78	-108	93	filt:	98	-82	90
1997	5	1	21	7	13	84	-112	98	filt:	98	-81	90
1997	5	11	21	7	13	93	-106	100	filt:	98	-81	89
1997	5	21	21	7	13	105	-103	104	filt:	97	-80	89
1997	5	31	21	7	13	100	-90	95	filt:	97	-80	88
1997	6	10	21	7	13	110	-79	95	filt:	97	-79	88
1997	6	20	21	7	13	106	-71	89	filt:	97	-78	88
1997	6	30	21	7	13	105	-65	85	filt:	96	-78	87
1997	7	10	21	7	13	101	-54	77	filt:	96	-77	87
1997	7	20	21	7	13	115	-51	83	filt:	96	-76	86
1997	7	30	21	7	13	128	-44	86	filt:	96	-75	86
1997	8	9	21	7	13	119	-55	87	filt:	95	-74	85
1997	8	19	21	7	13	120	-53	87	filt:	95	-73	84
1997	8	29	21	7	13	125	-45	85	filt:	95	-72	84
1997	9	8	21	7	13	128	-47	87	filt:	95	-71	83
1997	9	18	21	7	13	120	-42	81	filt:	95	-70	83
1997	9	28	21	7	13	111	-42	77	filt:	95	-69	82
1997	10	8	21	7	13	117	-34	76	filt:	95	-68	81
1997	10	18	21	7	13	122	-27	74	filt:	95	-67	81
1997	10	28	21	7	13	112	-25	69	filt:	95	-66	80
1997	11	7	21	7	13	102	-17	59	filt:	95	-64	80
1997	11	17	21	7	13	89	-68	79	filt:	95	-63	79
1997	11	27	21	7	13	98	-77	87	filt:	95	-62	78
1997	12	7	21	7	13	103	-64	84	filt:	95	-61	78
1997	12	17	21	7	13	98	-50	74	filt:	95	-60	77
1997	12	27	21	7	13	92	-48	70	filt:	95	-58	77
1998	1	6	21	7	13	82	-69	75	filt:	95	-57	76
1998	1	16	21	7	13	63	-77	70	filt:	95	-56	76
1998	1	26	21	7	13	63	-77	70	filt:	95	-55	75
1998	2	5	21	7	13	63	-80	72	filt:	95	-54	75
1998	2	15	21	7	13	48	-91	70	filt:	95	-53	74
1998	2	25	21	7	13	50	-95	72	filt:	95	-53	74
1998	3	7	21	7	13	41	-81	61	filt:	95	-52	73
1998	3	17	21	7	13	49	-83	66	filt:	95	-51	73
1998	3	27	21	7	13	48	-67	57	filt:	95	-50	73
1998	4	6	21	7	13	54	-65	59	filt:	95	-50	72
1998	4	16	21	7	13	72	-60	66	filt:	94	-49	72
1998	4	26	21	7	13	74	-62	68	filt:	94	-49	72
1998	5	6	21	7	13	96	-83	90	filt:	94	-48	71
1998	5	16	21	7	13	101	-77	89	filt:	94	-48	71
1998	5	26	21	7	13	119	-72	96	filt:	93	-48	71
1998	6	5	21	7	13	102	-50	76	filt:	93	-48	70
1998	6	15	21	7	13	114	-43	78	filt:	93	-47	70
1998	6	25	21	7	13	101	-34	68	filt:	92	-47	70
1998	7	5	21	7	13	107	-19	63	filt:	92	-47	69
1998	7	15	21	7	13	108	-15	61	filt:	91	-47	69
1998	7	25	21	7	13	116	-21	69	filt:	91	-46	69
1998	8	4	21	7	13	116	-25	71	filt:	90	-46	68
1998	8	14	21	7	13	119	-36	78	filt:	89	-46	68
1998	8	24	21	7	13	120	-28	74	filt:	89	-46	67
1998	9	3	21	7	13	127	-22	74	filt:	88	-46	67
1998	9	13	21	7	13	126	-10	68	filt:	87	-45	66
1998	9	23	21	7	13	135	-4	70	filt:	86	-45	66
1998	10	3	21	7	13	126	-2	64	filt:	86	-45	65
1998	10	13	21	7	13	121	1	60	filt:	85	-44	64
1998	10	23	21	7	13	110	-3	57	filt:	84	-44	64
1998	11	2	21	7	13	95	-5	50	filt:	83	-43	63
1998	11	12	21	7	13	74	-1	38	filt:	82	-43	62
1998	11	22	21	7	13	64	-27	45	filt:	80	-42	61
1998	12	2	21	7	13	58	-16	37	filt:	79	-41	60
1998	12	12	21	7	13	69	-30	49	filt:	78	-41	59
1998	12	22	21	7	13	51	-47	49	filt:	77	-40	58
1999	1	1	21	7	13	53	-73	63	filt:	75	-39	57
1999	1	11	21	7	13	29	-92	61	filt:	74	-38	56
1999	1	21	21	7	13	39	-90	64	filt:	72	-37	55
1999	1	31	21	7	13	55	-83	69	filt:	71	-36	53
1999	2	10	21	7	13	53	-78	66	filt:	69	-35	52
1999	2	20	21	7	13	59	-74	67	filt:	67	-34	50
1999	3	2	21	7	13	24	-77	50	filt:	65	-32	49
1999	3	12	21	7	13	16	-89	53	filt:	64	-31	47
1999	3	22	21	7	13	16	-77	46	filt:	62	-30	46
1999	4	1	21	7	13	19	-74	46	filt:	60	-29	44
1999	4	11	21	7	13	38	-61	50	filt:	58	-28	43
1999	4	21	21	7	13	39	-61	50	filt:	56	-26	41
1999	5	1	21	7	13	38	-55	46	filt:	54	-25	39
1999	5	11	21	7	13	35	-61	48	filt:	52	-24	38
1999	5	21	21	7	13	49	-48	49	filt:	50	-22	36
1999	5	31	21	7	13	70	-22	46	filt:	48	-21	34
1999	6	10	21	7	13	72	1	36	filt:	46	-20	33
1999	6	20	21	7	13	78	-1	39	filt:	44	-18	31
1999	6	30	21	7	13	77	9	34	filt:	42	-17	29
1999	7	10	21	7	13	67	25	21	filt:	40	-15	28
1999	7	20	21	7	13	61	27	17	filt:	38	-14	26
1999	7	30	21	7	13	59	34	13	filt:	36	-13	24
1999	8	9	21	7	13	71	45	13	filt:	35	-11	23
1999	8	19	21	7	13	76	49	14	filt:	33	-10	21
1999	8	29	21	7	13	77	44	17	filt:	31	-8	20
1999	9	8	21	7	13	70	36	17	filt:	30	-7	18
1999	9	18	21	7	13	58	30	14	filt:	28	-6	17
1999	9	28	21	7	13	42	28	7	filt:	27	-4	15
1999	10	8	21	7	13	16	24	-4	filt:	25	-3	14
1999	10	18	21	7	13	16	28	-6	filt:	24	-1	13
1999	10	28	21	7	13	11	-1	6	filt:	23	0	11
1999	11	7	21	7	13	20	-7	13	filt:	22	1	10
1999	11	17	21	7	13	0	-10	5	filt:	20	2	9
1999	11	27	21	7	13	-18	3	-10	filt:	19	4	8
1999	12	7	21	7	13	4	4	0	filt:	18	5	7
1999	12	17	21	7	13	2	-4	3	filt:	17	6	6
1999	12	27	21	7	13	10	0	5	filt:	16	7	5
2000	1	6	21	7	13	-6	-13	3	filt:	15	8	4
2000	1	16	21	7	13	16	1	7	filt:	14	9	3
2000	1	26	21	7	13	-5	20	-13	filt:	13	10	2
2000	2	5	21	7	13	-2	-1	0	filt:	12	11	1
2000	2	15	21	7	13	-26	-5	-10	filt:	11	11	0
2000	2	25	21	7	13	-38	-34	-2	filt:	10	12	-1
2000	3	6	21	7	13	-46	-43	-2	filt:	9	13	-2
2000	3	16	21	7	13	-17	-39	11	filt:	8	13	-3
2000	3	26	21	7	13	-15	-31	8	filt:	7	14	-3
2000	4	5	21	7	13	0	-19	9	filt:	6	14	-4
2000	4	15	21	7	13	-13	-33	10	filt:	5	14	-5
2000	4	25	21	7	13	-24	-27	2	filt:	3	15	-6
2000	5	5	21	7	13	-10	-15	2	filt:	2	15	-6
2000	5	15	21	7	13	-6	13	-9	filt:	1	15	-7
2000	5	25	21	7	13	7	8	-1	filt:	-1	15	-8
2000	6	4	21	7	13	12	12	0	filt:	-2	15	-9
2000	6	14	21	7	13	16	12	2	filt:	-4	15	-9
2000	6	24	21	7	13	12	22	-5	filt:	-6	15	-10
2000	7	4	21	7	13	12	40	-14	filt:	-7	15	-11
2000	7	14	21	7	13	22	46	-12	filt:	-9	14	-12
2000	7	24	21	7	13	22	41	-9	filt:	-11	14	-13
2000	8	3	21	7	13	31	45	-7	filt:	-13	14	-13
2000	8	13	21	7	13	25	33	-4	filt:	-15	14	-14
2000	8	23	21	7	13	24	40	-8	filt:	-17	13	-15
2000	9	2	21	7	13	23	43	-10	filt:	-19	13	-16
2000	9	12	21	7	13	37	66	-14	filt:	-21	13	-17
2000	9	22	21	7	13	28	74	-23	filt:	-23	13	-18
2000	10	2	21	7	13	10	62	-26	filt:	-25	12	-19
2000	10	12	21	7	13	10	60	-25	filt:	-28	12	-20
2000	10	22	21	7	13	-6	49	-28	filt:	-30	12	-21
2000	11	1	21	7	13	-13	58	-36	filt:	-32	12	-22
2000	11	11	21	7	13	-30	53	-42	filt:	-34	12	-23
2000	11	21	21	7	13	-48	43	-46	filt:	-36	12	-24
2000	12	1	21	7	13	-35	24	-30	filt:	-39	11	-25
2000	12	11	21	7	13	-34	-14	-10	filt:	-41	11	-26
2000	12	21	21	7	13	-47	-22	-12	filt:	-43	12	-27
2000	12	31	21	7	13	-49	-18	-16	filt:	-45	12	-28
2001	1	10	21	7	13	-76	-17	-30	filt:	-47	12	-29
2001	1	20	21	7	13	-75	-34	-21	filt:	-49	12	-30
2001	1	30	21	7	13	-103	-27	-38	filt:	-50	12	-31
2001	2	9	21	7	13	-108	-28	-40	filt:	-52	13	-32
2001	2	19	21	7	13	-103	-14	-45	filt:	-53	13	-33
2001	3	1	21	7	13	-78	-20	-29	filt:	-55	14	-34
2001	3	11	21	7	13	-82	-20	-31	filt:	-56	14	-35
2001	3	21	21	7	13	-84	-24	-30	filt:	-57	15	-36
2001	3	31	21	7	13	-94	-36	-29	filt:	-58	16	-37
2001	4	10	21	7	13	-100	-27	-37	filt:	-58	17	-38
2001	4	20	21	7	13	-105	-7	-49	filt:	-59	18	-38
2001	4	30	21	7	13	-86	-15	-35	filt:	-59	19	-39
2001	5	10	21	7	13	-76	-1	-37	filt:	-59	20	-40
2001	5	20	21	7	13	-73	2	-37	filt:	-59	22	-40
2001	5	30	21	7	13	-69	22	-45	filt:	-59	23	-41
2001	6	9	21	7	13	-57	16	-37	filt:	-59	24	-42
2001	6	19	21	7	13	-44	15	-29	filt:	-58	26	-42
2001	6	29	21	7	13	-34	-3	-15	filt:	-58	28	-43
2001	7	9	21	7	13	-28	34	-31	filt:	-57	30	-43
2001	7	19	21	7	13	-30	64	-47	filt:	-56	31	-44
2001	7	29	21	7	13	-28	80	-54	filt:	-55	33	-44
2001	8	8	21	7	13	-21	84	-52	filt:	-54	35	-44
2001	8	18	21	7	13	-7	54	-31	filt:	-53	37	-45
2001	8	28	21	7	13	-24	75	-49	filt:	-51	38	-45
2001	9	7	21	7	13	-48	73	-61	filt:	-50	40	-45
2001	9	17	21	7	13	-60	60	-60	filt:	-49	42	-45
2001	9	27	21	7	13	-59	69	-64	filt:	-48	44	-46
2001	10	7	21	7	13	-54	64	-59	filt:	-46	45	-46
2001	10	17	21	7	13	-53	76	-64	filt:	-45	47	-46
2001	10	27	21	7	13	-60	69	-64	filt:	-44	48	-46
2001	11	6	21	7	13	-50	69	-59	filt:	-43	49	-46
2001	11	16	21	7	13	-48	50	-49	filt:	-42	50	-46
2001	11	26	21	7	13	-38	26	-32	filt:	-41	51	-46
2001	12	6	21	7	13	-14	24	-19	filt:	-40	52	-46
2001	12	16	21	7	13	-13	41	-27	filt:	-39	53	-46
2001	12	26	21	7	13	-10	51	-30	filt:	-39	54	-46
2002	1	5	21	7	13	-8	73	-40	filt:	-38	54	-46
2002	1	15	21	7	13	-21	87	-54	filt:	-38	54	-46
2002	1	25	21	7	13	-17	76	-47	filt:	-37	55	-46
2002	2	4	21	7	13	-30	57	-43	filt:	-37	54	-46
2002	2	14	21	7	13	-29	38	-34	filt:	-37	54	-46
2002	2	24	21	7	13	-35	50	-42	filt:	-37	54	-45
2002	3	6	21	7	13	-34	53	-43	filt:	-37	53	-45
2002	3	16	21	7	13	-35	39	-37	filt:	-37	53	-45
2002	3	26	21	7	13	-46	37	-41	filt:	-38	52	-45
2002	4	5	21	7	13	-61	29	-45	filt:	-38	51	-45
2002	4	15	21	7	13	-53	69	-61	filt:	-39	50	-45
2002	4	25	21	7	13	-40	62	-51	filt:	-40	49	-44
2002	5	5	21	7	13	-41	44	-42	filt:	-40	48	-44
2002	5	15	21	7	13	-34	33	-34	filt:	-41	47	-44
2002	5	25	21	7	13	-36	22	-29	filt:	-42	46	-44
2002	6	4	21	7	13	-36	37	-37	filt:	-43	45	-44
2002	6	14	21	7	13	-49	40	-45	filt:	-43	43	-43
2002	6	24	21	7	13	-40	47	-43	filt:	-44	42	-43
2002	7	4	21	7	13	-42	70	-56	filt:	-45	41	-43
2002	7	14	21	7	13	-32	76	-54	filt:	-46	40	-43
2002	7	24	21	7	13	-49	77	-63	filt:	-47	39	-43
2002	8	3	21	7	13	-56	54	-55	filt:	-48	38	-43
2002	8	13	21	7	13	-63	32	-47	filt:	-49	37	-43
2002	8	23	21	7	13	-73	25	-49	filt:	-50	36	-43
2002	9	2	21	7	13	-73	16	-45	filt:	-51	35	-43
2002	9	12	21	7	13	-75	17	-46	filt:	-51	34	-43
2002	9	22	21	7	13	-70	11	-40	filt:	-52	33	-43
2002	10	2	21	7	13	-71	5	-38	filt:	-53	33	-43
2002	10	12	21	7	13	-69	4	-37	filt:	-54	32	-43
2002	10	22	21	7	13	-58	12	-35	filt:	-55	32	-43
2002	11	1	21	7	13	-59	15	-37	filt:	-55	31	-43
2002	11	11	21	7	13	-48	28	-38	filt:	-56	31	-44
2002	11	21	21	7	13	-49	23	-36	filt:	-57	31	-44
2002	12	1	21	7	13	-51	6	-28	filt:	-57	31	-44
2002	12	11	21	7	13	-63	23	-43	filt:	-58	31	-45
2002	12	21	21	7	13	-80	33	-56	filt:	-58	32	-45
2002	12	31	21	7	13	-75	35	-55	filt:	-59	32	-45
2003	1	10	21	7	13	-74	28	-51	filt:	-59	32	-46
2003	1	20	21	7	13	-53	44	-49	filt:	-60	33	-46
2003	1	30	21	7	13	-65	49	-57	filt:	-60	34	-47
2003	2	9	21	7	13	-48	44	-46	filt:	-61	34	-48
2003	2	19	21	7	13	-53	47	-50	filt:	-61	35	-48
2003	3	1	21	7	13	-40	52	-46	filt:	-61	36	-49
2003	3	11	21	7	13	-20	51	-35	filt:	-62	37	-49
2003	3	21	21	7	13	-19	51	-35	filt:	-62	38	-50
2003	3	31	21	7	13	-7	46	-27	filt:	-62	40	-51
2003	4	10	21	7	13	-43	44	-43	filt:	-62	41	-52
2003	4	20	21	7	13	-76	34	-55	filt:	-62	42	-52
2003	4	30	21	7	13	-55	54	-55	filt:	-62	44	-53
2003	5	10	21	7	13	-54	51	-52	filt:	-62	45	-54
2003	5	20	21	7	13	-56	59	-57	filt:	-62	47	-54
2003	5	30	21	7	13	-58	54	-56	filt:	-62	48	-55
2003	6	9	21	7	13	-53	56	-54	filt:	-62	50	-56
2003	6	19	21	7	13	-54	41	-48	filt:	-62	51	-57
2003	6	29	21	7	13	-63	44	-54	filt:	-62	53	-57
2003	7	9	21	7	13	-69	46	-58	filt:	-61	55	-58
2003	7	19	21	7	13	-74	51	-63	filt:	-61	56	-59
2003	7	29	21	7	13	-78	54	-66	filt:	-61	58	-59
2003	8	8	21	7	13	-88	52	-70	filt:	-61	59	-60
2003	8	18	21	7	13	-79	54	-67	filt:	-60	61	-61
2003	8	28	21	7	13	-75	55	-65	filt:	-60	62	-61
2003	9	7	21	7	13	-81	47	-64	filt:	-60	64	-62
2003	9	17	21	7	13	-89	51	-70	filt:	-60	65	-62
2003	9	27	21	7	13	-86	52	-69	filt:	-59	66	-63
2003	10	7	21	7	13	-79	57	-68	filt:	-59	67	-63
2003	10	17	21	7	13	-78	53	-65	filt:	-59	68	-64
2003	10	27	21	7	13	-76	54	-65	filt:	-59	69	-64
2003	11	6	21	7	13	-78	58	-68	filt:	-58	70	-64
2003	11	16	21	7	13	-86	56	-71	filt:	-58	71	-64
2003	11	26	21	7	13	-98	57	-77	filt:	-58	71	-65
2003	12	6	21	7	13	-68	71	-70	filt:	-58	72	-65
2003	12	16	21	7	13	-52	85	-69	filt:	-57	72	-65
2003	12	26	21	7	13	-48	96	-72	filt:	-57	73	-65
2004	1	5	21	7	13	-54	89	-72	filt:	-57	73	-65
2004	1	15	21	7	13	-40	94	-67	filt:	-57	73	-65
2004	1	25	21	7	13	-24	91	-58	filt:	-57	73	-65
2004	2	4	21	7	13	-14	99	-57	filt:	-57	73	-65
2004	2	14	21	7	13	-16	85	-50	filt:	-57	73	-65
2004	2	24	21	7	13	-1	85	-43	filt:	-57	72	-65
2004	3	5	21	7	13	-7	99	-53	filt:	-57	72	-64
2004	3	15	21	7	13	-10	99	-55	filt:	-57	72	-64
2004	3	25	21	7	13	-24	103	-63	filt:	-57	71	-64
2004	4	4	21	7	13	-25	95	-60	filt:	-56	70	-63
2004	4	14	21	7	13	-34	85	-60	filt:	-56	70	-63
2004	4	24	21	7	13	-49	82	-65	filt:	-56	69	-63
2004	5	4	21	7	13	-45	80	-63	filt:	-56	68	-62
2004	5	14	21	7	13	-48	82	-65	filt:	-56	68	-62
2004	5	24	21	7	13	-53	82	-68	filt:	-56	67	-62
2004	6	3	21	7	13	-64	71	-67	filt:	-56	66	-61
2004	6	13	21	7	13	-68	66	-67	filt:	-56	65	-61
2004	6	23	21	7	13	-81	53	-67	filt:	-56	65	-61
2004	7	3	21	7	13	-83	55	-69	filt:	-57	64	-60
2004	7	13	21	7	13	-81	45	-63	filt:	-57	63	-60
2004	7	23	21	7	13	-80	37	-59	filt:	-57	62	-59
2004	8	2	21	7	13	-84	24	-54	filt:	-56	61	-59
2004	8	12	21	7	13	-80	23	-52	filt:	-56	61	-59
2004	8	22	21	7	13	-73	23	-48	filt:	-56	60	-58
2004	9	1	21	7	13	-72	25	-48	filt:	-56	59	-58
2004	9	11	21	7	13	-84	25	-55	filt:	-56	58	-57
2004	9	21	21	7	13	-85	32	-59	filt:	-56	58	-57
2004	10	1	21	7	13	-76	35	-56	filt:	-56	57	-57
2004	10	11	21	7	13	-71	37	-54	filt:	-56	57	-56
2004	10	21	21	7	13	-70	35	-52	filt:	-56	56	-56
2004	10	31	21	7	13	-76	38	-57	filt:	-56	56	-56
2004	11	10	21	7	13	-75	39	-57	filt:	-56	55	-55
2004	11	20	21	7	13	-58	40	-49	filt:	-56	55	-55
2004	11	30	21	7	13	-60	41	-50	filt:	-55	54	-55
2004	12	10	21	7	13	-55	61	-58	filt:	-55	54	-55
2004	12	20	21	7	13	-67	66	-67	filt:	-55	54	-54
2004	12	30	21	7	13	-58	75	-67	filt:	-55	54	-54
2005	1	9	21	7	13	-38	96	-67	filt:	-54	53	-54
2005	1	19	21	7	13	-23	71	-47	filt:	-54	53	-54
2005	1	29	21	7	13	-32	72	-52	filt:	-54	53	-53
2005	2	8	21	7	13	-38	66	-52	filt:	-53	53	-53
2005	2	18	21	7	13	-47	80	-63	filt:	-53	53	-53
2005	2	28	21	7	13	-10	75	-43	filt:	-53	53	-53
2005	3	10	21	7	13	-14	84	-49	filt:	-52	53	-53
2005	3	20	21	7	13	-16	87	-52	filt:	-52	54	-53
2005	3	30	21	7	13	-23	83	-53	filt:	-51	54	-53
2005	4	9	21	7	13	-31	75	-53	filt:	-51	54	-52
2005	4	19	21	7	13	-29	64	-47	filt:	-50	54	-52
2005	4	29	21	7	13	-28	59	-43	filt:	-50	55	-52
2005	5	9	21	7	13	-30	55	-43	filt:	-49	55	-52
2005	5	19	21	7	13	-42	66	-54	filt:	-49	55	-52
2005	5	29	21	7	13	-54	56	-55	filt:	-49	55	-52
2005	6	8	21	7	13	-63	48	-56	filt:	-48	56	-52
2005	6	18	21	7	13	-65	40	-53	filt:	-48	56	-52
2005	6	28	21	7	13	-64	47	-55	filt:	-47	56	-52
2005	7	8	21	7	13	-69	52	-61	filt:	-47	57	-52
2005	7	18	21	7	13	-73	50	-61	filt:	-47	57	-52
2005	7	28	21	7	13	-76	43	-60	filt:	-47	57	-52
2005	8	7	21	7	13	-64	37	-51	filt:	-46	58	-52
2005	8	17	21	7	13	-72	33	-52	filt:	-46	58	-52
2005	8	27	21	7	13	-61	26	-43	filt:	-46	58	-52
2005	9	6	21	7	13	-60	32	-46	filt:	-46	58	-52
2005	9	16	21	7	13	-49	35	-42	filt:	-46	58	-52
2005	9	26	21	7	13	-64	30	-47	filt:	-47	58	-52
2005	10	6	21	7	13	-67	37	-52	filt:	-47	58	-53
2005	10	16	21	7	13	-60	39	-49	filt:	-47	58	-53
2005	10	26	21	7	13	-63	53	-58	filt:	-47	58	-53
2005	11	5	21	7	13	-53	39	-46	filt:	-48	58	-53
2005	11	15	21	7	13	-63	44	-53	filt:	-48	58	-53
2005	11	25	21	7	13	-60	60	-60	filt:	-49	58	-53
2005	12	5	21	7	13	-51	70	-60	filt:	-49	58	-54
2005	12	15	21	7	13	-48	73	-61	filt:	-50	58	-54
2005	12	25	21	7	13	-21	63	-42	filt:	-50	58	-54
2006	1	4	21	7	13	-1	91	-46	filt:	-51	57	-54
2006	1	14	21	7	13	-25	103	-64	filt:	-52	57	-54
2006	1	24	21	7	13	-50	117	-84	filt:	-52	57	-55
2006	2	3	21	7	13	-60	93	-77	filt:	-53	57	-55
2006	2	13	21	7	13	-43	74	-59	filt:	-53	57	-55
2006	2	23	21	7	13	-35	74	-55	filt:	-54	57	-55
2006	3	5	21	7	13	-22	62	-42	filt:	-55	57	-56
2006	3	15	21	7	13	-19	62	-40	filt:	-55	56	-56
2006	3	25	21	7	13	-17	56	-37	filt:	-56	56	-56
2006	4	4	21	7	13	-38	65	-51	filt:	-56	56	-56
2006	4	14	21	7	13	-53	55	-54	filt:	-57	56	-57
2006	4	24	21	7	13	-46	61	-53	filt:	-58	56	-57
2006	5	4	21	7	13	-49	63	-56	filt:	-58	56	-57
2006	5	14	21	7	13	-51	67	-59	filt:	-59	56	-58
2006	5	24	21	7	13	-55	51	-53	filt:	-59	57	-58
2006	6	3	21	7	13	-56	51	-54	filt:	-60	57	-58
2006	6	13	21	7	13	-56	50	-53	filt:	-60	57	-58
2006	6	23	21	7	13	-76	51	-64	filt:	-60	57	-59
2006	7	3	21	7	13	-81	53	-67	filt:	-61	57	-59
2006	7	13	21	7	13	-83	48	-66	filt:	-61	57	-59
2006	7	23	21	7	13	-84	46	-65	filt:	-62	57	-59
2006	8	2	21	7	13	-88	39	-64	filt:	-62	57	-60
2006	8	12	21	7	13	-87	37	-62	filt:	-62	58	-60
2006	8	22	21	7	13	-88	36	-62	filt:	-62	58	-60
2006	9	1	21	7	13	-90	34	-62	filt:	-63	58	-60
2006	9	11	21	7	13	-89	35	-62	filt:	-63	58	-60
2006	9	21	21	7	13	-86	28	-57	filt:	-63	58	-61
2006	10	1	21	7	13	-85	30	-57	filt:	-63	58	-61
2006	10	11	21	7	13	-85	41	-63	filt:	-63	58	-61
2006	10	21	21	7	13	-79	43	-61	filt:	-64	58	-61
2006	10	31	21	7	13	-74	41	-57	filt:	-64	58	-61
2006	11	10	21	7	13	-67	40	-53	filt:	-64	58	-61
2006	11	20	21	7	13	-70	52	-61	filt:	-64	58	-61
2006	11	30	21	7	13	-65	55	-60	filt:	-64	58	-61
2006	12	10	21	7	13	-63	60	-61	filt:	-64	58	-61
2006	12	20	21	7	13	-56	64	-60	filt:	-64	58	-61
2006	12	30	21	7	13	-59	75	-67	filt:	-64	58	-61
2007	1	9	21	7	13	-50	76	-63	filt:	-64	58	-61
2007	1	19	21	7	13	-47	77	-62	filt:	-64	58	-61
2007	1	29	21	7	13	-34	77	-55	filt:	-64	58	-61
2007	2	8	21	7	13	-30	83	-56	filt:	-63	58	-61
2007	2	18	21	7	13	-31	82	-56	filt:	-63	57	-60
2007	2	28	21	7	13	-30	89	-60	filt:	-63	57	-60
2007	3	10	21	7	13	-40	91	-65	filt:	-63	57	-60
2007	3	20	21	7	13	-42	91	-67	filt:	-62	57	-60
2007	3	30	21	7	13	-43	85	-64	filt:	-62	57	-59
2007	4	9	21	7	13	-38	78	-58	filt:	-62	56	-59
2007	4	19	21	7	13	-40	70	-55	filt:	-62	56	-59
2007	4	29	21	7	13	-47	70	-59	filt:	-61	56	-59
2007	5	9	21	7	13	-54	69	-61	filt:	-61	56	-58
2007	5	19	21	7	13	-59	64	-62	filt:	-60	55	-58
2007	5	29	21	7	13	-62	65	-64	filt:	-60	55	-58
2007	6	8	21	7	13	-62	60	-61	filt:	-60	55	-57
2007	6	18	21	7	13	-64	51	-57	filt:	-59	54	-57
2007	6	28	21	7	13	-66	47	-57	filt:	-59	54	-57
2007	7	8	21	7	13	-73	42	-58	filt:	-59	54	-56
2007	7	18	21	7	13	-77	44	-61	filt:	-58	54	-56
2007	7	28	21	7	13	-83	36	-60	filt:	-58	53	-56
2007	8	7	21	7	13	-83	31	-57	filt:	-58	53	-55
2007	8	17	21	7	13	-85	25	-55	filt:	-58	53	-55
2007	8	27	21	7	13	-81	24	-53	filt:	-57	52	-55
2007	9	6	21	7	13	-83	24	-53	filt:	-57	52	-55
2007	9	16	21	7	13	-80	25	-52	filt:	-57	52	-54
2007	9	26	21	7	13	-77	20	-49	filt:	-57	51	-54
2007	10	6	21	7	13	-78	22	-50	filt:	-57	51	-54
2007	10	16	21	7	13	-71	23	-47	filt:	-56	51	-54
2007	10	26	21	7	13	-68	34	-51	filt:	-56	51	-54
2007	11	5	21	7	13	-62	31	-47	filt:	-56	51	-53
2007	11	15	21	7	13	-64	35	-49	filt:	-56	51	-53
2007	11	25	21	7	13	-63	35	-49	filt:	-56	50	-53
2007	12	5	21	7	13	-57	44	-51	filt:	-56	50	-53
2007	12	15	21	7	13	-52	52	-52	filt:	-56	50	-53
2007	12	25	21	7	13	-42	63	-52	filt:	-56	50	-53
2008	1	4	21	7	13	-38	62	-50	filt:	-56	50	-53
2008	1	14	21	7	13	-36	62	-49	filt:	-56	51	-53
2008	1	24	21	7	13	-31	60	-46	filt:	-56	51	-53
2008	2	3	21	7	13	-27	73	-50	filt:	-56	51	-53
2008	2	13	21	7	13	-29	72	-51	filt:	-56	51	-53
2008	2	23	21	7	13	-28	76	-52	filt:	-56	51	-54
2008	3	4	21	7	13	-32	78	-55	filt:	-56	51	-54
2008	3	14	21	7	13	-30	78	-54	filt:	-56	52	-54
2008	3	24	21	7	13	-38	75	-57	filt:	-56	52	-54
2008	4	3	21	7	13	-37	81	-59	filt:	-56	52	-54
2008	4	13	21	7	13	-36	76	-56	filt:	-55	53	-54
2008	4	23	21	7	13	-40	72	-56	filt:	-55	53	-54
2008	5	3	21	7	13	-41	67	-54	filt:	-55	53	-54
2008	5	13	21	7	13	-46	67	-57	filt:	-55	54	-54
2008	5	23	21	7	13	-49	65	-57	filt:	-55	54	-55
2008	6	2	21	7	13	-65	58	-61	filt:	-55	55	-55
2008	6	12	21	7	13	-63	54	-58	filt:	-55	55	-55
2008	6	22	21	7	13	-65	51	-58	filt:	-55	55	-55
2008	7	2	21	7	13	-65	47	-56	filt:	-54	56	-55
2008	7	12	21	7	13	-73	44	-58	filt:	-54	56	-55
2008	7	22	21	7	13	-76	44	-60	filt:	-54	56	-55
2008	8	1	21	7	13	-79	45	-62	filt:	-54	56	-55
2008	8	11	21	7	13	-81	45	-63	filt:	-54	57	-55
2008	8	21	21	7	13	-75	42	-58	filt:	-53	57	-55
2008	8	31	21	7	13	-67	37	-52	filt:	-53	57	-55
2008	9	10	21	7	13	-71	30	-51	filt:	-53	57	-55
2008	9	20	21	7	13	-75	28	-51	filt:	-53	57	-55
2008	9	30	21	7	13	-75	31	-53	filt:	-53	57	-55
2008	10	10	21	7	13	-72	33	-53	filt:	-52	57	-55
2008	10	20	21	7	13	-76	34	-55	filt:	-52	57	-55
2008	10	30	21	7	13	-78	34	-56	filt:	-52	57	-55
2008	11	9	21	7	13	-68	42	-55	filt:	-52	57	-54
2008	11	19	21	7	13	-54	44	-49	filt:	-52	57	-54
2008	11	29	21	7	13	-54	48	-51	filt:	-51	57	-54
2008	12	9	21	7	13	-50	48	-49	filt:	-51	56	-54
2008	12	19	21	7	13	-50	68	-59	filt:	-51	56	-54
2008	12	29	21	7	13	-41	75	-58	filt:	-51	56	-53
2009	1	8	21	7	13	-34	76	-55	filt:	-50	56	-53
2009	1	18	21	7	13	-28	74	-51	filt:	-50	56	-53
2009	1	28	21	7	13	-26	72	-49	filt:	-50	55	-53
2009	2	7	21	7	13	-24	71	-48	filt:	-49	55	-52
2009	2	17	21	7	13	-24	73	-48	filt:	-49	55	-52
2009	2	27	21	7	13	-22	79	-50	filt:	-49	55	-52
2009	3	9	21	7	13	-16	80	-48	filt:	-49	54	-51
2009	3	19	21	7	13	-23	82	-52	filt:	-48	54	-51
2009	3	29	21	7	13	-22	81	-52	filt:	-48	54	-51
2009	4	8	21	7	13	-32	81	-56	filt:	-48	54	-51
2009	4	18	21	7	13	-31	79	-55	filt:	-47	54	-50
2009	4	28	21	7	13	-36	70	-53	filt:	-47	53	-50
2009	5	8	21	7	13	-36	60	-48	filt:	-47	53	-50
2009	5	18	21	7	13	-37	55	-46	filt:	-47	53	-50
2009	5	28	21	7	13	-38	56	-47	filt:	-46	53	-50
2009	6	7	21	7	13	-47	52	-50	filt:	-46	53	-50
2009	6	17	21	7	13	-55	45	-50	filt:	-46	53	-49
2009	6	27	21	7	13	-52	39	-46	filt:	-46	53	-49
2009	7	7	21	7	13	-54	39	-47	filt:	-45	53	-49
2009	7	17	21	7	13	-59	39	-49	filt:	-45	53	-49
2009	7	27	21	7	13	-65	35	-50	filt:	-45	53	-49
2009	8	6	21	7	13	-65	30	-47	filt:	-45	52	-49
2009	8	16	21	7	13	-65	29	-47	filt:	-45	52	-49
2009	8	26	21	7	13	-69	28	-49	filt:	-45	52	-49
2009	9	5	21	7	13	-70	29	-50	filt:	-45	52	-49
2009	9	15	21	7	13	-64	24	-44	filt:	-45	52	-49
2009	9	25	21	7	13	-69	27	-48	filt:	-45	52	-49
2009	10	5	21	7	13	-73	24	-48	filt:	-45	52	-48
2009	10	15	21	7	13	-71	35	-53	filt:	-45	52	-48
2009	10	25	21	7	13	-59	37	-48	filt:	-45	52	-48
2009	11	4	21	7	13	-53	41	-47	filt:	-45	51	-48
2009	11	14	21	7	13	-51	39	-45	filt:	-45	51	-48
2009	11	24	21	7	13	-49	41	-45	filt:	-45	51	-48
2009	12	4	21	7	13	-55	40	-48	filt:	-46	51	-48
2009	12	14	21	7	13	-38	47	-42	filt:	-46	51	-48
2009	12	24	21	7	13	-23	57	-40	filt:	-46	50	-48
2010	1	3	21	7	13	-18	60	-39	filt:	-46	50	-48
2010	1	13	21	7	13	-29	63	-46	filt:	-45	50	-48
2010	1	23	21	7	13	-32	64	-48	filt:	-45	50	-48
2010	2	2	21	7	13	-23	87	-55	filt:	-45	50	-47
2010	2	12	21	7	13	-28	80	-54	filt:	-45	49	-47
2010	2	22	21	7	13	-19	91	-55	filt:	-45	49	-47
2010	3	4	21	7	13	-17	65	-41	filt:	-45	49	-47
2010	3	14	21	7	13	-22	69	-46	filt:	-44	49	-46
2010	3	24	21	7	13	-25	68	-47	filt:	-44	48	-46
2010	4	3	21	7	13	-32	73	-52	filt:	-44	48	-46
2010	4	13	21	7	13	-28	58	-43	filt:	-43	48	-45
2010	4	23	21	7	13	-31	63	-47	filt:	-43	47	-45
2010	5	3	21	7	13	-30	67	-48	filt:	-42	47	-45
2010	5	13	21	7	13	-32	68	-50	filt:	-42	47	-44
2010	5	23	21	7	13	-41	55	-48	filt:	-41	46	-44
2010	6	2	21	7	13	-45	51	-48	filt:	-40	46	-43
2010	6	12	21	7	13	-44	47	-46	filt:	-40	46	-43
2010	6	22	21	7	13	-51	39	-45	filt:	-39	45	-42
2010	7	2	21	7	13	-49	39	-44	filt:	-38	45	-42
2010	7	12	21	7	13	-52	35	-44	filt:	-37	45	-41
2010	7	22	21	7	13	-51	32	-42	filt:	-36	44	-40
2010	8	1	21	7	13	-58	28	-43	filt:	-36	44	-40
2010	8	11	21	7	13	-58	25	-42	filt:	-35	44	-39
2010	8	21	21	7	13	-54	20	-37	filt:	-34	43	-38
2010	8	31	21	7	13	-53	15	-34	filt:	-33	43	-38
2010	9	10	21	7	13	-53	13	-33	filt:	-32	42	-37
2010	9	20	21	7	13	-52	18	-35	filt:	-31	42	-37
2010	9	30	21	7	13	-51	20	-35	filt:	-30	41	-36
2010	10	10	21	7	13	-54	22	-38	filt:	-29	41	-35
2010	10	20	21	7	13	-57	22	-39	filt:	-29	41	-35
2010	10	30	21	7	13	-51	18	-35	filt:	-28	40	-34
2010	11	9	21	7	13	-45	21	-33	filt:	-27	40	-33
2010	11	19	21	7	13	-44	26	-35	filt:	-26	40	-33
2010	11	29	21	7	13	-28	43	-36	filt:	-25	39	-32
2010	12	9	21	7	13	-14	51	-32	filt:	-25	39	-32
2010	12	19	21	7	13	-5	50	-28	filt:	-24	39	-31
2010	12	29	21	7	13	-4	49	-27	filt:	-23	39	-31
2011	1	8	21	7	13	8	41	-16	filt:	-22	38	-30
2011	1	18	21	7	13	1	46	-22	filt:	-22	38	-30
2011	1	28	21	7	13	12	52	-20	filt:	-21	38	-30
2011	2	7	21	7	13	9	58	-25	filt:	-20	38	-29
2011	2	17	21	7	13	11	59	-24	filt:	-20	38	-29
2011	2	27	21	7	13	3	63	-30	filt:	-19	38	-29
2011	3	9	21	7	13	7	69	-31	filt:	-19	38	-28
2011	3	19	21	7	13	5	48	-22	filt:	-18	38	-28
2011	3	29	21	7	13	-6	45	-26	filt:	-18	38	-28
2011	4	8	21	7	13	-4	47	-25	filt:	-17	39	-28
2011	4	18	21	7	13	0	51	-26	filt:	-17	39	-28
2011	4	28	21	7	13	0	51	-25	filt:	-16	39	-28
2011	5	8	21	7	13	1	49	-24	filt:	-16	39	-28
2011	5	18	21	7	13	-4	47	-26	filt:	-16	40	-28
2011	5	28	21	7	13	-18	46	-32	filt:	-16	40	-28
2011	6	7	21	7	13	-23	45	-34	filt:	-15	40	-28
2011	6	17	21	7	13	-20	42	-31	filt:	-15	41	-28
2011	6	27	21	7	13	-20	33	-27	filt:	-15	41	-28
2011	7	7	21	7	13	-25	30	-27	filt:	-15	42	-28
2011	7	17	21	7	13	-28	29	-28	filt:	-14	42	-28
2011	7	27	21	7	13	-27	30	-29	filt:	-14	42	-28
2011	8	6	21	7	13	-34	28	-31	filt:	-14	43	-28
2011	8	16	21	7	13	-38	31	-34	filt:	-14	43	-28
2011	8	26	21	7	13	-35	29	-32	filt:	-14	43	-29
2011	9	5	21	7	13	-31	24	-27	filt:	-14	43	-29
2011	9	15	21	7	13	-32	23	-28	filt:	-14	44	-29
2011	9	25	21	7	13	-37	24	-30	filt:	-14	44	-29
2011	10	5	21	7	13	-32	27	-29	filt:	-13	44	-29
2011	10	15	21	7	13	-29	24	-27	filt:	-13	44	-29
2011	10	25	21	7	13	-29	26	-28	filt:	-13	44	-28
2011	11	4	21	7	13	-30	33	-32	filt:	-13	44	-28
2011	11	14	21	7	13	-26	36	-31	filt:	-12	44	-28
2011	11	24	21	7	13	-16	38	-27	filt:	-12	44	-28
2011	12	4	21	7	13	-13	41	-27	filt:	-12	44	-28
2011	12	14	21	7	13	-5	45	-25	filt:	-11	44	-28
2011	12	24	21	7	13	-7	49	-28	filt:	-11	43	-27
2012	1	3	21	7	13	-7	49	-28	filt:	-11	43	-27
2012	1	13	21	7	13	-7	50	-28	filt:	-10	43	-27
2012	1	23	21	7	13	2	56	-27	filt:	-10	43	-26
2012	2	2	21	7	13	2	66	-32	filt:	-9	42	-26
2012	2	12	21	7	13	7	59	-26	filt:	-8	42	-25
2012	2	22	21	7	13	8	55	-23	filt:	-8	42	-25
2012	3	3	21	7	13	17	53	-18	filt:	-7	41	-24
2012	3	13	21	7	13	8	60	-26	filt:	-6	41	-24
2012	3	23	21	7	13	8	71	-32	filt:	-6	41	-23
2012	4	2	21	7	13	11	68	-28	filt:	-5	40	-23
2012	4	12	21	7	13	8	61	-27	filt:	-4	40	-22
2012	4	22	21	7	13	8	49	-21	filt:	-4	39	-21
2012	5	2	21	7	13	8	51	-21	filt:	-3	38	-21
2012	5	12	21	7	13	6	47	-21	filt:	-2	38	-20
2012	5	22	21	7	13	1	50	-25	filt:	-1	37	-19
2012	6	1	21	7	13	-5	42	-23	filt:	-1	37	-19
2012	6	11	21	7	13	-2	36	-19	filt:	0	36	-18
2012	6	21	21	7	13	-2	33	-17	filt:	1	35	-17
2012	7	1	21	7	13	-4	26	-15	filt:	1	35	-17
2012	7	11	21	7	13	-5	23	-14	filt:	2	34	-16
2012	7	21	21	7	13	-9	17	-13	filt:	3	33	-15
2012	7	31	21	7	13	-9	16	-13	filt:	4	32	-14
2012	8	10	21	7	13	-15	11	-13	filt:	4	31	-14
2012	8	20	21	7	13	-6	10	-8	filt:	5	31	-13
2012	8	30	21	7	13	-7	8	-7	filt:	5	30	-12
2012	9	9	21	7	13	-5	8	-7	filt:	6	29	-11
2012	9	19	21	7	13	-9	6	-7	filt:	6	28	-11
2012	9	29	21	7	13	-1	9	-5	filt:	7	27	-10
2012	10	9	21	7	13	1	8	-3	filt:	7	26	-9
2012	10	19	21	7	13	1	3	-1	filt:	8	25	-9
2012	10	29	21	7	13	5	1	2	filt:	8	24	-8
2012	11	8	21	7	13	12	2	5	filt:	9	23	-7
2012	11	18	21	7	13	15	1	7	filt:	9	22	-7
2012	11	28	21	7	13	13	15	-1	filt:	9	21	-6
2012	12	8	21	7	13	12	22	-5	filt:	10	20	-5
2012	12	18	21	7	13	16	25	-4	filt:	10	19	-5
2012	12	28	21	7	13	10	30	-10	filt:	10	18	-4
2013	1	7	21	7	13	16	31	-8	filt:	11	17	-3
2013	1	17	21	7	13	18	33	-8	filt:	11	16	-3
2013	1	27	21	7	13	18	33	-8	filt:	11	15	-2
2013	2	6	21	7	13	15	46	-16	filt:	11	14	-1
2013	2	16	21	7	13	20	38	-9	filt:	12	14	-1
2013	2	26	21	7	13	20	39	-10	filt:	12	13	0
2013	3	8	21	7	13	16	30	-7	filt:	12	12	0
2013	3	18	21	7	13	12	35	-11	filt:	12	11	1
2013	3	28	21	7	13	9	25	-8	filt:	12	10	1
2013	4	7	21	7	13	10	27	-8	filt:	12	9	2
2013	4	17	21	7	13	11	28	-9	filt:	12	8	2
2013	4	27	21	7	13	14	22	-4	filt:	12	7	3
2013	5	7	21	7	13	13	16	-2	filt:	12	6	3
2013	5	17	21	7	13	7	3	2	filt:	12	5	3
2013	5	27	21	7	13	14	-3	9	filt:	12	4	4
2013	6	6	21	7	13	16	-7	12	filt:	12	4	4
2013	6	16	21	7	13	15	-13	14	filt:	12	3	4
2013	6	26	21	7	13	2	-8	5	filt:	11	2	5
2013	7	6	21	7	13	4	-21	12	filt:	11	1	5
2013	7	16	21	7	13	9	-18	13	filt:	11	0	5
2013	7	26	21	7	13	10	-14	12	filt:	10	-1	5
2013	8	5	21	7	13	10	-10	10	filt:	10	-1	6
2013	8	15	21	7	13	11	-14	12	filt:	10	-2	6
2013	8	25	21	7	13	11	-13	12	filt:	9	-3	6
2013	9	4	21	7	13	14	-14	14	filt:	9	-4	6
2013	9	14	21	7	13	10	-10	10	filt:	8	-4	6
2013	9	24	21	7	13	10	-9	9	filt:	8	-5	6
2013	10	4	21	7	13	10	-11	10	filt:	7	-6	6
2013	10	14	21	7	13	13	-13	13	filt:	6	-6	6
2013	10	24	21	7	13	14	-16	15	filt:	6	-7	6
2013	11	3	21	7	13	8	-13	11	filt:	5	-7	6
2013	11	13	21	7	13	10	-10	10	filt:	5	-8	6
2013	11	23	21	7	13	7	-17	12	filt:	4	-9	6
2013	12	3	21	7	13	5	-15	10	filt:	3	-9	6
2013	12	13	21	7	13	3	-15	9	filt:	3	-10	6
2013	12	23	21	7	13	2	-12	7	filt:	2	-10	6
2014	1	2	21	7	13	-3	-12	4	filt:	2	-11	6
2014	1	12	21	7	13	-10	-9	0	filt:	1	-11	6
2014	1	22	21	7	13	-10	-6	-2	filt:	1	-11	6
2014	2	1	21	7	13	-8	-6	-1	filt:	0	-12	6
2014	2	11	21	7	13	-2	-6	2	filt:	0	-12	6
2014	2	21	21	7	13	1	-6	3	filt:	-1	-13	6
2014	3	3	21	7	13	-3	-2	-1	filt:	-1	-13	6
2014	3	13	21	7	13	-8	-5	-2	filt:	-1	-14	6
2014	3	23	21	7	13	-9	-5	-2	filt:	-1	-14	6
2014	4	2	21	7	13	-4	-7	1	filt:	-2	-15	7
2014	4	12	21	7	13	-4	-5	0	filt:	-2	-15	7
2014	4	22	21	7	13	-3	-10	3	filt:	-2	-16	7
2014	5	2	21	7	13	-3	-11	4	filt:	-2	-16	7
2014	5	12	21	7	13	-2	-15	6	filt:	-2	-17	7
2014	5	22	21	7	13	0	-14	7	filt:	-2	-18	8
2014	6	1	21	7	13	-1	-20	10	filt:	-2	-18	8
2014	6	11	21	7	13	0	-20	10	filt:	-2	-19	9
2014	6	21	21	7	13	-6	-20	7	filt:	-2	-20	9
2014	7	1	21	7	13	-6	-21	7	filt:	-1	-21	10
2014	7	11	21	7	13	-2	-20	9	filt:	-1	-22	10
2014	7	21	21	7	13	0	-21	10	filt:	-1	-23	11
2014	7	31	21	7	13	5	-22	13	filt:	-1	-24	11
2014	8	10	21	7	13	6	-21	14	filt:	-1	-25	12
2014	8	20	21	7	13	9	-26	17	filt:	0	-26	13
2014	8	30	21	7	13	5	-24	14	filt:	0	-27	14
2014	9	9	21	7	13	3	-30	17	filt:	1	-28	14
2014	9	19	21	7	13	6	-36	21	filt:	1	-29	15
2014	9	29	21	7	13	2	-40	21	filt:	1	-31	16
2014	10	9	21	7	13	1	-37	19	filt:	2	-32	17
2014	10	19	21	7	13	-1	-34	16	filt:	2	-33	18
2014	10	29	21	7	13	5	-34	20	filt:	3	-35	19
2014	11	8	21	7	13	3	-38	21	filt:	3	-36	20
2014	11	18	21	7	13	6	-44	25	filt:	4	-38	21
2014	11	28	21	7	13	6	-45	26	filt:	4	-39	22
2014	12	8	21	7	13	0	-44	22	filt:	5	-41	23
2014	12	18	21	7	13	-6	-40	17	filt:	5	-42	24
2014	12	28	21	7	13	-8	-44	18	filt:	6	-44	25
2015	1	7	21	7	13	1	-43	22	filt:	6	-45	26
2015	1	17	21	7	13	9	-45	27	filt:	7	-47	27
2015	1	27	21	7	13	18	-41	29	filt:	7	-48	28
2015	2	6	21	7	13	12	-44	28	filt:	8	-50	29
2015	2	16	21	7	13	8	-48	28	filt:	8	-51	30
2015	2	26	21	7	13	8	-50	29	filt:	9	-53	31
2015	3	8	21	7	13	15	-51	33	filt:	9	-54	32
2015	3	18	21	7	13	26	-50	38	filt:	10	-56	33
2015	3	28	21	7	13	23	-54	38	filt:	10	-57	34
2015	4	7	21	7	13	15	-56	36	filt:	10	-59	35
2015	4	17	21	7	13	11	-59	35	filt:	11	-60	35
2015	4	27	21	7	13	13	-63	38	filt:	11	-61	36
2015	5	7	21	7	13	16	-66	41	filt:	12	-63	37
2015	5	17	21	7	13	15	-71	43	filt:	12	-64	38
2015	5	27	21	7	13	12	-81	47	filt:	13	-66	39
2015	6	6	21	7	13	6	-76	41	filt:	13	-67	40
2015	6	16	21	7	13	5	-75	40	filt:	13	-69	41
2015	6	26	21	7	13	5	-74	39	filt:	14	-70	42
2015	7	6	21	7	13	10	-76	43	filt:	14	-71	43
2015	7	16	21	7	13	12	-75	44	filt:	15	-72	43
2015	7	26	21	7	13	13	-71	42	filt:	15	-73	44
2015	8	5	21	7	13	12	-67	39	filt:	15	-75	45
2015	8	15	21	7	13	13	-64	39	filt:	16	-76	46
2015	8	25	21	7	13	17	-64	41	filt:	16	-77	46
2015	9	4	21	7	13	19	-68	43	filt:	17	-77	47
2015	9	14	21	7	13	19	-68	44	filt:	17	-78	48
2015	9	24	21	7	13	20	-70	45	filt:	18	-79	48
2015	10	4	21	7	13	22	-71	47	filt:	18	-80	49
2015	10	14	21	7	13	24	-67	45	filt:	19	-80	49
2015	10	24	21	7	13	26	-69	48	filt:	19	-81	50
2015	11	3	21	7	13	26	-67	46	filt:	20	-81	50
2015	11	13	21	7	13	26	-75	51	filt:	20	-82	51
2015	11	23	21	7	13	22	-74	48	filt:	21	-82	51
2015	12	3	21	7	13	20	-84	52	filt:	21	-82	52
2015	12	13	21	7	13	18	-89	53	filt:	22	-82	52
2015	12	23	21	7	13	21	-92	56	filt:	22	-82	52
2016	1	2	21	7	13	19	-82	50	filt:	23	-82	52
2016	1	12	21	7	13	25	-86	56	filt:	23	-82	53
2016	1	22	21	7	13	21	-84	52	filt:	24	-82	53
2016	2	1	21	7	13	22	-94	58	filt:	24	-81	53
2016	2	11	21	7	13	16	-91	54	filt:	25	-81	53
2016	2	21	21	7	13	19	-94	56	filt:	25	-81	53
2016	3	2	21	7	13	15	-94	54	filt:	26	-80	53
2016	3	12	21	7	13	21	-92	56	filt:	26	-80	53
2016	3	22	21	7	13	26	-94	60	filt:	27	-80	53
2016	4	1	21	7	13	28	-93	61	filt:	27	-79	53
2016	4	11	21	7	13	29	-98	64	filt:	28	-79	53
2016	4	21	21	7	13	30	-101	66	filt:	28	-78	53
2016	5	1	21	7	13	33	-100	66	filt:	29	-78	53
2016	5	11	21	7	13	36	-96	66	filt:	29	-77	53
2016	5	21	21	7	13	28	-85	56	filt:	30	-77	53
2016	5	31	21	7	13	31	-82	57	filt:	30	-76	53
2016	6	10	21	7	13	32	-78	55	filt:	31	-75	53
2016	6	20	21	7	13	33	-74	54	filt:	31	-75	53
2016	6	30	21	7	13	33	-65	49	filt:	31	-74	53
2016	7	10	21	7	13	36	-65	50	filt:	32	-74	53
2016	7	20	21	7	13	41	-60	50	filt:	32	-74	53
2016	7	30	21	7	13	37	-55	46	filt:	33	-73	53
2016	8	9	21	7	13	35	-50	43	filt:	33	-73	53
2016	8	19	21	7	13	37	-44	40	filt:	34	-72	53
2016	8	29	21	7	13	43	-46	44	filt:	34	-72	53
2016	9	8	21	7	13	42	-42	42	filt:	35	-72	53
2016	9	18	21	7	13	42	-38	40	filt:	35	-71	53
2016	9	28	21	7	13	39	-41	40	filt:	36	-71	54
2016	10	8	21	7	13	39	-34	37	filt:	37	-71	54
2016	10	18	21	7	13	35	-44	40	filt:	37	-71	54
2016	10	28	21	7	13	35	-45	40	filt:	38	-70	54
2016	11	7	21	7	13	39	-48	43	filt:	38	-70	54
2016	11	17	21	7	13	43	-50	46	filt:	39	-70	55
2016	11	27	21	7	13	40	-61	50	filt:	40	-70	55
2016	12	7	21	7	13	30	-71	51	filt:	40	-70	55
2016	12	17	21	7	13	32	-80	56	filt:	41	-70	55
2016	12	27	21	7	13	36	-79	57	filt:	42	-70	56
2017	1	6	21	7	13	45	-95	70	filt:	42	-70	56
2017	1	16	21	7	13	37	-103	70	filt:	43	-69	56
2017	1	26	21	7	13	36	-103	70	filt:	44	-69	57
2017	2	5	21	7	13	32	-96	64	filt:	45	-69	57
2017	2	15	21	7	13	35	-94	65	filt:	45	-69	57
2017	2	25	21	7	13	37	-100	68	filt:	46	-69	58
2017	3	7	21	7	13	40	-105	73	filt:	47	-69	58
2017	3	17	21	7	13	46	-100	73	filt:	47	-69	58
2017	3	27	21	7	13	44	-95	70	filt:	48	-70	59
2017	4	6	21	7	13	48	-90	69	filt:	49	-70	59
2017	4	16	21	7	13	41	-86	64	filt:	49	-70	59
2017	4	26	21	7	13	41	-81	61	filt:	50	-70	60
2017	5	6	21	7	13	38	-81	60	filt:	50	-70	60
2017	5	16	21	7	13	43	-77	60	filt:	51	-70	60
2017	5	26	21	7	13	49	-71	60	filt:	51	-70	61
2017	6	5	21	7	13	50	-66	58	filt:	52	-70	61
2017	6	15	21	7	13	55	-63	59	filt:	52	-71	61
2017	6	25	21	7	13	60	-61	60	filt:	53	-71	62
2017	7	5	21	7	13	63	-57	60	filt:	53	-71	62
2017	7	15	21	7	13	61	-57	59	filt:	53	-71	62
2017	7	25	21	7	13	55	-58	57	filt:	54	-71	62
2017	8	4	21	7	13	72	-44	58	filt:	54	-71	63
2017	8	14	21	7	13	71	-47	59	filt:	54	-71	63
2017	8	24	21	7	13	73	-44	58	filt:	55	-72	63
2017	9	3	21	7	13	71	-44	58	filt:	55	-72	63
2017	9	13	21	7	13	67	-41	54	filt:	55	-72	63
2017	9	23	21	7	13	68	-47	58	filt:	56	-72	64
2017	10	3	21	7	13	68	-51	60	filt:	56	-72	64
2017	10	13	21	7	13	73	-56	64	filt:	56	-72	64
2017	10	23	21	7	13	71	-55	63	filt:	56	-72	64
2017	11	2	21	7	13	69	-56	62	filt:	57	-72	64
2017	11	12	21	7	13	65	-53	59	filt:	57	-72	64
2017	11	22	21	7	13	58	-74	66	filt:	57	-72	64
2017	12	2	21	7	13	54	-72	63	filt:	57	-71	64
2017	12	12	21	7	13	53	-72	63	filt:	57	-71	64
2017	12	22	21	7	13	50	-69	60	filt:	58	-71	64
2018	1	1	21	7	13	53	-76	64	filt:	58	-71	64
2018	1	11	21	7	13	47	-86	66	filt:	58	-71	64
2018	1	21	21	7	13	36	-88	62	filt:	58	-71	64
2018	1	31	21	7	13	36	-97	67	filt:	59	-70	64
2018	2	10	21	7	13	35	-103	69	filt:	59	-70	64
2018	2	20	21	7	13	38	-106	72	filt:	59	-70	64
2018	3	2	21	7	13	36	-106	71	filt:	59	-70	64
2018	3	12	21	7	13	36	-93	64	filt:	59	-69	64
2018	3	22	21	7	13	37	-94	66	filt:	60	-69	64
2018	4	1	21	7	13	44	-86	65	filt:	60	-69	64
2018	4	11	21	7	13	48	-89	69	filt:	60	-69	64
2018	4	21	21	7	13	51	-80	65	filt:	60	-68	64
2018	5	1	21	7	13	56	-84	70	filt:	60	-68	64
2018	5	11	21	7	13	58	-80	69	filt:	61	-68	64
2018	5	21	21	7	13	62	-79	71	filt:	61	-67	64
2018	5	31	21	7	13	60	-70	65	filt:	61	-67	64
2018	6	10	21	7	13	68	-67	67	filt:	61	-67	64
2018	6	20	21	7	13	70	-68	69	filt:	61	-66	64
2018	6	30	21	7	13	71	-62	67	filt:	62	-66	64
2018	7	10	21	7	13	73	-53	63	filt:	62	-66	64
2018	7	20	21	7	13	79	-45	62	filt:	62	-65	64
2018	7	30	21	7	13	79	-44	61	filt:	62	-65	64
2018	8	9	21	7	13	78	-42	60	filt:	62	-64	63
2018	8	19	21	7	13	84	-40	62	filt:	63	-64	63
2018	8	29	21	7	13	88	-40	64	filt:	63	-64	63
2018	9	8	21	7	13	86	-38	62	filt:	63	-63	63
2018	9	18	21	7	13	81	-34	58	filt:	64	-63	63
2018	9	28	21	7	13	79	-34	56	filt:	64	-62	63
2018	10	8	21	7	13	77	-40	59	filt:	64	-62	63
2018	10	18	21	7	13	71	-42	56	filt:	65	-61	63
2018	10	28	21	7	13	73	-42	58	filt:	65	-61	63
2018	11	7	21	7	13	76	-40	58	filt:	65	-61	63
2018	11	17	21	7	13	82	-45	63	filt:	66	-60	63
2018	11	27	21	7	13	69	-49	59	filt:	66	-60	63
2018	12	7	21	7	13	56	-57	56	filt:	66	-59	63
2018	12	17	21	7	13	60	-65	62	filt:	67	-59	63
2018	12	27	21	7	13	57	-66	62	filt:	67	-59	63
2019	1	6	21	7	13	59	-66	63	filt:	68	-59	63
2019	1	16	21	7	13	48	-78	63	filt:	68	-58	63
2019	1	26	21	7	13	46	-85	65	filt:	69	-58	63
2019	2	5	21	7	13	46	-87	67	filt:	69	-58	63
2019	2	15	21	7	13	45	-82	64	filt:	69	-58	63
2019	2	25	21	7	13	43	-88	65	filt:	70	-57	64
2019	3	7	21	7	13	47	-76	62	filt:	70	-57	64
2019	3	17	21	7	13	46	-75	61	filt:	71	-57	64
2019	3	27	21	7	13	50	-78	64	filt:	71	-57	64
2019	4	6	21	7	13	52	-82	67	filt:	71	-57	64
2019	4	16	21	7	13	59	-72	66	filt:	72	-57	64
2019	4	26	21	7	13	60	-69	65	filt:	72	-57	64
2019	5	6	21	7	13	64	-66	65	filt:	72	-57	64
2019	5	16	21	7	13	66	-63	65	filt:	73	-57	65
2019	5	26	21	7	13	73	-58	66	filt:	73	-56	65
2019	6	5	21	7	13	75	-57	66	filt:	73	-56	65
2019	6	15	21	7	13	77	-57	67	filt:	73	-56	65
2019	6	25	21	7	13	83	-48	65	filt:	73	-56	65
2019	7	5	21	7	13	84	-49	66	filt:	74	-56	65
2019	7	15	21	7	13	84	-48	66	filt:	74	-56	65
2019	7	25	21	7	13	86	-46	66	filt:	74	-56	65
2019	8	4	21	7	13	90	-38	64	filt:	74	-56	65
2019	8	14	21	7	13	94	-36	65	filt:	74	-56	65
2019	8	24	21	7	13	94	-34	64	filt:	74	-56	65
2019	9	3	21	7	13	102	-34	68	filt:	74	-55	65
2019	9	13	21	7	13	104	-35	70	filt:	74	-55	65
2019	9	23	21	7	13	103	-38	71	filt:	74	-55	65
2019	10	3	21	7	13	98	-38	68	filt:	74	-55	65
2019	10	13	21	7	13	97	-36	66	filt:	74	-55	64
2019	10	23	21	7	13	94	-42	68	filt:	74	-54	64
2019	11	2	21	7	13	83	-46	64	filt:	74	-54	64
2019	11	12	21	7	13	80	-48	64	filt:	74	-54	64
2019	11	22	21	7	13	73	-46	60	filt:	73	-54	64
2019	12	2	21	7	13	81	-42	61	filt:	73	-53	63
2019	12	12	21	7	13	62	-60	61	filt:	73	-53	63
2019	12	22	21	7	13	62	-60	61	filt:	73	-53	63
2020	1	1	21	7	13	54	-53	54	filt:	72	-53	62
2020	1	11	21	7	13	-9999	-9999	-9999	filt:	-9999	-9999	-9999
2020	1	21	21	7	13	-9999	-9999	-9999	filt:	-9999	-9999	-9999
2020	1	31	21	7	13	48	-89	69	filt:	71	-52	62
2020	2	10	21	7	13	45	-77	61	filt:	70	-52	61
2020	2	20	21	7	13	43	-76	59	filt:	70	-52	61
2020	3	1	21	7	13	39	-71	55	filt:	69	-52	61
2020	3	11	21	7	13	35	-76	56	filt:	69	-52	60
2020	3	21	21	7	13	42	-69	55	filt:	68	-52	60
2020	3	31	21	7	13	48	-61	55	filt:	67	-52	60
2020	4	10	21	7	13	51	-65	58	filt:	67	-52	59
2020	4	20	21	7	13	51	-67	59	filt:	66	-52	59
2020	4	30	21	7	13	51	-63	57	filt:	66	-52	59
2020	5	10	21	7	13	53	-59	56	filt:	65	-52	59
2020	5	20	21	7	13	53	-61	57	filt:	64	-53	58
2020	5	30	21	7	13	63	-58	61	filt:	64	-53	58
2020	6	9	21	7	13	66	-55	60	filt:	63	-53	58
2020	6	19	21	7	13	72	-46	59	filt:	62	-53	58
2020	6	29	21	7	13	74	-43	58	filt:	62	-53	57
2020	7	9	21	7	13	79	-40	59	filt:	61	-53	57
2020	7	19	21	7	13	82	-36	59	filt:	61	-54	57
2020	7	29	21	7	13	82	-35	58	filt:	60	-54	57
2020	8	8	21	7	13	84	-34	59	filt:	60	-54	57
2020	8	18	21	7	13	82	-38	60	filt:	59	-54	57
2020	8	28	21	7	13	78	-38	58	filt:	59	-54	56
2020	9	7	21	7	13	80	-33	57	filt:	58	-54	56
2020	9	17	21	7	13	79	-28	54	filt:	58	-54	56
2020	9	27	21	7	13	79	-29	54	filt:	58	-54	56
2020	10	7	21	7	13	76	-38	57	filt:	57	-54	56
2020	10	17	21	7	13	77	-45	61	filt:	57	-54	56
2020	10	27	21	7	13	72	-46	59	filt:	57	-54	56
2020	11	6	21	7	13	63	-49	56	filt:	57	-54	56
2020	11	16	21	7	13	60	-49	54	filt:	57	-54	55
2020	11	26	21	7	13	55	-52	54	filt:	57	-54	55
2020	12	6	21	7	13	56	-57	57	filt:	56	-54	55
2020	12	16	21	7	13	49	-61	55	filt:	56	-54	55
2020	12	26	21	7	13	50	-66	58	filt:	56	-54	55
2021	1	5	21	7	13	40	-64	52	filt:	56	-54	55
2021	1	15	21	7	13	35	-72	54	filt:	56	-53	55
2021	1	25	21	7	13	24	-65	45	filt:	56	-53	55
2021	2	4	21	7	13	17	-59	38	filt:	56	-53	55
2021	2	14	21	7	13	30	-75	53	filt:	56	-53	54
2021	2	24	21	7	13	35	-79	57	filt:	56	-53	54
2021	3	6	21	7	13	35	-77	56	filt:	56	-53	54
2021	3	16	21	7	13	34	-67	51	filt:	56	-53	54
2021	3	26	21	7	13	40	-69	54	filt:	55	-52	54
2021	4	5	21	7	13	40	-69	54	filt:	55	-52	54
2021	4	15	21	7	13	40	-70	55	filt:	55	-52	54
2021	4	25	21	7	13	43	-71	57	filt:	55	-52	53
2021	5	5	21	7	13	47	-67	57	filt:	55	-52	53
2021	5	15	21	7	13	52	-62	57	filt:	55	-52	53
2021	5	25	21	7	13	53	-54	53	filt:	54	-51	53
2021	6	4	21	7	13	63	-53	58	filt:	54	-51	53
2021	6	14	21	7	13	59	-44	52	filt:	54	-51	53
2021	6	24	21	7	13	62	-42	52	filt:	54	-51	52
2021	7	4	21	7	13	65	-36	51	filt:	54	-51	52
2021	7	14	21	7	13	78	-35	56	filt:	54	-51	52
2021	7	24	21	7	13	75	-29	52	filt:	53	-51	52
2021	8	3	21	7	13	75	-30	53	filt:	53	-51	52
2021	8	13	21	7	13	72	-29	51	filt:	53	-50	52
2021	8	23	21	7	13	75	-25	50	filt:	53	-50	52
2021	9	2	21	7	13	76	-22	49	filt:	53	-50	51
2021	9	12	21	7	13	73	-23	48	filt:	53	-50	51
2021	9	22	21	7	13	78	-22	50	filt:	52	-50	51
2021	10	2	21	7	13	73	-26	49	filt:	52	-50	51
2021	10	12	21	7	13	72	-27	50	filt:	52	-49	51
2021	10	22	21	7	13	63	-35	49	filt:	52	-49	51
2021	11	1	21	7	13	61	-36	48	filt:	52	-49	50
2021	11	11	21	7	13	62	-43	53	filt:	52	-49	50
2021	11	21	21	7	13	61	-46	54	filt:	52	-48	50
2021	12	1	21	7	13	59	-48	53	filt:	52	-48	50
2021	12	11	21	7	13	51	-45	48	filt:	52	-48	50
2021	12	21	21	7	13	38	-48	43	filt:	52	-47	49
2021	12	31	21	7	13	32	-61	47	filt:	52	-47	49
2022	1	10	21	7	13	28	-65	47	filt:	52	-46	49
2022	1	20	21	7	13	21	-76	49	filt:	51	-46	49
2022	1	30	21	7	13	24	-69	47	filt:	51	-46	48
2022	2	9	21	7	13	21	-74	48	filt:	51	-45	48
2022	2	19	21	7	13	26	-72	49	filt:	51	-45	48
2022	3	1	21	7	13	18	-85	51	filt:	50	-44	47
2022	3	11	21	7	13	12	-58	35	filt:	50	-43	47
2022	3	21	21	7	13	22	-54	38	filt:	50	-43	46
2022	3	31	21	7	13	21	-51	36	filt:	49	-42	46
2022	4	10	21	7	13	23	-54	38	filt:	49	-42	45
2022	4	20	21	7	13	33	-61	47	filt:	48	-41	45
2022	4	30	21	7	13	38	-58	48	filt:	48	-40	44
2022	5	10	21	7	13	40	-53	46	filt:	47	-39	43
2022	5	20	21	7	13	44	-48	46	filt:	46	-38	42
2022	5	30	21	7	13	49	-39	44	filt:	45	-38	41
2022	6	9	21	7	13	52	-30	41	filt:	44	-37	40
2022	6	19	21	7	13	55	-28	42	filt:	43	-36	39
2022	6	29	21	7	13	59	-24	42	filt:	42	-34	38
2022	7	9	21	7	13	67	-20	43	filt:	40	-33	37
2022	7	19	21	7	13	63	-13	38	filt:	39	-32	36
2022	7	29	21	7	13	65	-2	34	filt:	38	-31	34
2022	8	8	21	7	13	69	6	31	filt:	36	-30	33
2022	8	18	21	7	13	75	17	29	filt:	34	-28	31
2022	8	28	21	7	13	78	0	39	filt:	33	-27	30
2022	9	7	21	7	13	-9999	-9999	-9999	filt:	-9999	-9999	-9999
2022	9	17	21	7	13	-9999	-9999	-9999	filt:	-9999	-9999	-9999
2022	9	27	21	7	13	-9999	-9999	-9999	filt:	-9999	-9999	-9999
2022	10	7	21	7	13	-9999	-9999	-9999	filt:	-9999	-9999	-9999
2022	10	17	21	7	13	-9999	-9999	-9999	filt:	-9999	-9999	-9999
2022	10	27	21	7	13	-9999	-9999	-9999	filt:	-9999	-9999	-9999
2022	11	6	21	7	13	61	30	15	filt:	19	-19	19
2022	11	16	21	7	13	44	5	19	filt:	18	-18	18
2022	11	26	21	7	13	44	-2	23	filt:	16	-17	16
2022	12	6	21	7	13	15	-29	22	filt:	14	-16	15
2022	12	16	21	7	13	23	2	11	filt:	13	-15	14
2022	12	26	21	7	13	17	-2	10	filt:	11	-14	13
2023	1	5	21	7	13	2	-10	6	filt:	10	-13	11
2023	1	15	21	7	13	-10	-24	7	filt:	8	-13	10
2023	1	25	21	7	13	-13	-23	5	filt:	7	-12	9
2023	2	4	21	7	13	-21	-30	5	filt:	6	-11	9
2023	2	14	21	7	13	-30	-36	3	filt:	5	-11	8
2023	2	24	21	7	13	-29	-39	5	filt:	4	-10	7
2023	3	6	21	7	13	-9999	-9999	-9999	filt:	-9999	-9999	-9999
2023	3	16	21	7	13	-9	-34	12	filt:	2	-10	6
2023	3	26	21	7	13	-13	-35	11	filt:	1	-9	5
2023	4	5	21	7	13	-17	-36	9	filt:	0	-9	5
2023	4	15	21	7	13	-21	-36	8	filt:	0	-8	4
2023	4	25	21	7	13	-22	-37	7	filt:	-1	-8	4
2023	5	5	21	7	13	-23	-30	4	filt:	-1	-8	3
2023	5	15	21	7	13	-33	-28	-2	filt:	-1	-7	3
2023	5	25	21	7	13	-24	-21	-1	filt:	-1	-7	3
2023	6	4	21	7	13	-5	-18	6	filt:	-2	-7	3
2023	6	14	21	7	13	-9	-13	2	filt:	-2	-6	2
2023	6	24	21	7	13	3	-8	6	filt:	-2	-6	2
2023	7	4	21	7	13	18	8	5	filt:	-2	-6	2
2023	7	14	21	7	13	23	2	11	filt:	-2	-5	2
2023	7	24	21	7	13	17	4	6	filt:	-1	-5	2
2023	8	3	21	7	13	18	5	6	filt:	-1	-4	2
2023	8	13	21	7	13	21	14	3	filt:	-1	-4	2
2023	8	23	21	7	13	29	19	5	filt:	-1	-3	1
2023	9	2	21	7	13	15	15	0	filt:	0	-3	1
2023	9	12	21	7	13	19	16	2	filt:	0	-2	1
2023	9	22	21	7	13	22	15	3	filt:	1	-2	1
2023	10	2	21	7	13	22	10	6	filt:	1	-1	1
2023	10	12	21	7	13	8	14	-3	filt:	2	0	1
2023	10	22	21	7	13	9	9	0	filt:	3	0	1
2023	11	1	21	7	13	14	7	4	filt:	4	1	1
2023	11	11	21	7	13	4	12	-4	filt:	4	2	1
												
